('[ -8.8442855, -5.419776 , -4.96746  ,-16.0686696]', 48)
('[-21.018883 ,-14.168176 , -8.4532006,-15.760863 ]', 41)
('[-17.0707565,-13.168486 , -9.5831476,-13.4419348]', 38)
('[-20.0084742,-15.815951 ,-14.1743456,-13.0239264]', 36)
('[-19.9127859,-17.860251 ,-14.4806866,-12.994197 ]', 34)
('[-15.5666455,-12.387351 , -3.424997 ,-12.6438392]', 33)
('[-17.9184977,-14.903036 ,-11.0475676,-18.8180344]', 32)
('[-21.5084233,-16.749936 ,-10.6532646,-11.2796868]', 30)
('[-21.1911242,-17.150611 ,-12.2992956,-11.2334264]', 30)
('[-19.1249459,-19.286001 ,-12.2186666,-17.278117 ]', 29)
('[-16.8936775,-13.394191 ,-12.4189576,-11.9826798]', 29)
('[-19.9341816,-14.719531 ,-13.3052146,-17.5399572]', 27)
('[-21.9694016,-11.731626 ,-14.1949846,-17.3767972]', 25)
('[-19.4502552,-16.486511 ,-15.2594956,-15.1778364]', 25)
('[-23.7642947,-16.968846 , -9.8234556,-17.4880324]', 24)
('[-15.216181 ,-10.498376 , -9.005537 ,-11.1415092]', 24)
('[-22.3357297,-18.847976 ,-14.2827936, -9.8845584]', 23)
('[-12.851262 ,-12.491336 ,-11.466487 ,-17.4197232]', 23)
('[-18.157563 ,-14.511736 ,-13.6561706,-14.003253 ]', 22)
('[-19.7098616,-15.241001 ,-13.7090746,-16.3382572]', 22)
('[-23.6618237,-22.672316 , -8.5346836,-13.5554984]', 22)
('[-18.9196173,-16.402436 ,-14.5955326,-14.4764888]', 21)
('[-23.0443354,-16.884911 , -9.0499716,-21.881905 ]', 21)
('[ -8.1149055, -6.971786 , -6.78789  ,-12.6166406]', 21)
('[-18.7260877,-15.455821 ,-12.2720376,-12.0257314]', 20)
('[-17.3799275,-16.452536 , -6.5065376,-12.3799798]', 20)
('[-17.988327 ,-11.959856 , -7.4869206,-16.8894678]', 20)
('[-19.597423 ,-11.852526 ,-13.0629506,-15.2112344]', 19)
('[-23.5020659,-14.836801 ,-10.9146086,-12.674335 ]', 19)
('[-26.0904599,-17.451626 ,-10.2794216,-14.269145 ]', 19)
('[-18.6007027,-20.452621 , -4.3174676,-18.2931444]', 19)
('[-20.637137 ,-11.287216 , -4.5935926,-16.3677402]', 19)
('[-21.6713128,-17.397846 , -8.4223126,-16.6591678]', 18)
('[-17.0817159,-16.043431 ,-16.9015566,-11.702014 ]', 18)
('[-23.0101059,-11.122681 ,-13.4330986,-17.27493  ]', 18)
('[-21.5864364,-19.316641 ,-11.6941386,-16.038795 ]', 18)
('[-19.2518154,-19.985006 ,-13.6923386,-16.731855 ]', 18)
('[-14.891981 ,-11.102586 , -8.447537 , -9.8708592]', 18)
('[-16.0433355, -8.111971 ,  1.310919 ,-15.5533906]', 18)
('[-22.2289633,-19.942936 , -6.1686126,-16.5608698]', 17)
('[-20.2392026,-17.451196 ,-10.0538546,-14.6316322]', 17)
('[-18.7833177,-13.978211 , -9.5881576,-15.6375944]', 17)
('[-14.6307755, -7.286551 , -7.961697 ,-14.0304392]', 17)
('[-19.7284633,-13.869576 ,-13.2687426,-13.9302068]', 16)
('[-18.9225626,-15.203996 ,-12.7029546,-15.3239322]', 16)
('[-18.3133269,-18.419211 ,-11.3830246,-18.651004 ]', 16)
('[-18.1403669,-17.237611 ,-12.7648246,-19.384604 ]', 16)
('[-15.5166655, -6.334641 , -6.010409 ,-13.7100292]', 16)
('[-22.6136833,-14.804796 ,-10.1662546,-13.7266068]', 15)
('[-20.2528378,-19.588896 , -8.4953946,-14.2787568]', 15)
('[-19.8633069,-13.711431 ,-12.5290866,-22.399974 ]', 15)
('[-20.5714459,-16.656001 ,-11.8373666,-15.897018 ]', 15)
('[-21.5143154,-20.084341 ,-10.8796386,-16.245235 ]', 15)
('[-22.4656554,-13.474671 ,-12.2163016,-25.133535 ]', 15)
('[-25.6903237,-18.825516 , -9.1690336,-14.7304984]', 15)
('[-23.5390047,-14.880771 , -8.8082256,-18.9593924]', 15)
('[-20.2809987,-16.778161 ,-12.7394276,-19.0698364]', 15)
('[-17.9232137,-16.316181 ,-10.0848176,-17.6621544]', 15)
('[-19.695183 ,-14.077026 ,-11.5297506,-14.033683 ]', 14)
('[-17.1114028,-17.569556 ,-14.7927826,-14.5539278]', 14)
('[-17.9002173,-15.299536 ,-16.8955326,-13.8825388]', 14)
('[-19.3390954,-17.052621 ,-14.9897986,-19.755715 ]', 14)
('[-20.9294954,-19.264721 ,-11.8714986,-19.638465 ]', 14)
('[-23.4159954,-15.581131 , -8.0702516,-26.437765 ]', 14)
('[-20.8151297,-16.911366 ,-15.6226836,-17.5881084]', 14)
('[-16.524071 ,-11.460626 , -6.667587 , -6.5403292]', 14)
('[-22.3198678,-16.975976 , -4.5747926,-16.6998998]', 13)
('[-17.6928028,-16.094176 ,-16.1471826,-12.9328578]', 13)
('[-19.9386237,-18.366076 ,-15.5615736,-14.1903384]', 13)
('[-23.1637947,-15.969396 ,-12.0360556,-17.3906334]', 13)
('[-18.391447 ,-11.895676 , -9.0811206,-11.9760788]', 13)
('[-13.886732 ,-14.115526 , -9.322587 ,-15.2950582]', 13)
('[ -9.8648855,-11.495126 ,  3.27447  ,-14.3229346]', 13)
('[-20.3239678,-13.805776 ,-11.5514926,-12.3468998]', 12)
('[-18.1666028,-18.755256 ,-12.1516826,-14.6642578]', 12)
('[-18.7837833,-16.654806 ,-13.9196326,-11.2331868]', 12)
('[-23.8961599,-12.901326 ,-15.2554216,-16.994545 ]', 12)
('[-26.9258389,-15.773446 ,-10.4113516,-15.928154 ]', 12)
('[-24.3416089,-12.632206 ,-16.0439436,-16.699094 ]', 12)
('[-14.8879425, -9.338206 ,-12.5991976,-18.5637378]', 12)
('[-14.494592 ,-11.940736 ,-11.178557 ,-13.9373232]', 12)
('[ -9.7842755, -6.942836 , -3.81269  ,-12.8097396]', 12)
('[ -9.8499835,-10.470826 ,  4.21471  ,-14.9724846]', 12)
('[-19.8841873,-18.744906 ,-10.5782726,-17.4137478]', 11)
('[-20.0197333,-14.142706 ,-13.4649126,-12.7599728]', 11)
('[-23.3322819,-14.644271 ,-12.8970186,-13.159615 ]', 11)
('[-17.7199819,-16.864591 ,-16.6473686,-13.835875 ]', 11)
('[-20.4980137,-18.055676 ,-15.7446436,-14.6368684]', 11)
('[-21.1059787,-15.669476 ,-16.8716256,-11.2403984]', 11)
('[-23.5913347,-15.787246 ,-11.2052556,-18.2216324]', 11)
('[-20.3810887,-17.798291 ,-10.2317776,-20.3055764]', 11)
('[-15.9283377,-14.095881 ,-16.4394676,-15.2760244]', 11)
('[-16.310347 ,-12.309556 ,-10.0419206, -9.9856378]', 11)
('[-19.780627 ,-10.490596 , -8.7500606,-14.6001488]', 11)
('[-15.438652 ,-11.326126 , -7.906287 , -5.6563092]', 11)
('[ -6.8427895, -7.884098 ,  2.15224  ,-16.0688956]', 11)
('[-17.7751626,-16.418696 ,-14.0816546,-17.2907722]', 10)
('[-19.1397869,-13.709421 ,-12.2943766,-23.212044 ]', 10)
('[-21.6166554,-18.265441 ,-13.0965386,-16.812485 ]', 10)
('[-17.1087054,-19.287621 ,-13.3604986,-22.452795 ]', 10)
('[-20.2573954,-20.531221 , -9.8495986,-21.162695 ]', 10)
('[-18.5094954,-14.708221 ,-15.7194986,-22.374695 ]', 10)
('[-23.2535554,-16.947011 ,-10.7838986,-20.629355 ]', 10)
('[-22.8947954,-14.561101 ,-10.7810716,-23.456435 ]', 10)
('[-20.7502897,-19.460476 ,-14.3470256,-12.0063784]', 10)
('[-19.8344987,-21.336701 , -6.1664076,-20.0542504]', 10)
('[-16.7563077,-13.820901 ,-12.1331976,-19.1698344]', 10)
('[-21.3548377,-22.869736 , -1.3414676,-15.9131244]', 10)
('[-20.2799377,-14.679436 ,-11.9227676,-13.0459044]', 10)
('[-17.177081 , -9.143026 , -8.444987 , -8.4446092]', 10)
('[-14.3387455, -8.356451 , -8.068497 ,-16.5563392]', 10)
('[ -9.6405655,-12.016596 ,  2.87061  ,-13.1212346]', 10)
('[-25.116593 ,-10.267626 ,-11.1641906,-13.252454 ]', 9)
('[-24.341983 , -8.390826 ,-13.5664906,-14.384354 ]', 9)
('[-21.4033873,-19.504406 , -9.2038726,-15.1520988]', 9)
('[-22.9757059,-18.770781 , -6.7631986,-17.400817 ]', 9)
('[-19.6699354,-21.532781 ,-10.2693086,-17.550295 ]', 9)
('[-17.2722854,-15.929221 ,-14.7353986,-23.809695 ]', 9)
('[-24.9536054,-17.789041 , -8.8511616,-23.593755 ]', 9)
('[-24.3312289,-13.836546 ,-16.3512716,-14.300894 ]', 9)
('[-17.3742877,-14.396321 ,-14.6157376,-11.6257514]', 9)
('[-17.5513475,-16.195991 , -8.7074576,-10.9852898]', 9)
('[-15.1971425,-13.305036 ,-10.2431976,-16.0806348]', 9)
('[-15.6252425,-14.768006 , -8.8510976,-17.9939378]', 9)
('[-13.239262 ,-15.355136 , -8.845687 ,-14.7826432]', 9)
('[-14.887621 ,-12.319311 , -5.504807 ,-11.5664292]', 9)
('[-14.8353155, -4.778441 , -5.070749 ,-14.8461406]', 9)
('[-15.8411755, -6.193771 , -1.971881 ,-16.1710706]', 9)
('[-8.0881355,-7.137371 ,-8.782877 ,-9.7870306]', 9)
('[ -5.4767895, -8.068258 ,  1.24685  ,-17.6494956]', 9)
('[ -6.4482955,-12.157108 ,  5.73471  ,-15.5736556]', 9)
('[-18.779283 ,-18.099876 ,-11.1376806,-10.847253 ]', 8)
('[-19.1068438,-16.820626 , -8.8178726,-17.5040698]', 8)
('[-20.4266028,-15.638946 ,-13.7080826,-12.7151978]', 8)
('[-20.2379173,-18.304136 ,-11.2844326,-14.5415598]', 8)
('[-19.5280633,-12.882506 ,-15.5327326,-12.8085868]', 8)
('[-20.6155726,-16.627616 ,-10.8392846,-15.3768722]', 8)
('[-17.7763209,-17.591541 ,-13.7690146,-17.4372526]', 8)
('[-19.1127159,-17.895431 ,-13.8894566,-11.705017 ]', 8)
('[-21.0794859,-19.283951 ,-11.5565866,-12.333007 ]', 8)
('[-21.1719459,-17.655451 , -9.6247666,-15.994417 ]', 8)
('[-22.2822659,-12.738601 ,-14.1100086,-12.545905 ]', 8)
('[-18.8953254,-19.655981 ,-12.6716086,-18.682195 ]', 8)
('[-20.4387597,-17.734946 ,-14.8372536,-16.8428684]', 8)
('[-22.9824297,-19.930276 ,-12.2312936,-11.4250584]', 8)
('[-21.2019247,-15.719116 ,-16.2849656,-13.4304384]', 8)
('[-19.6941952,-17.959811 ,-13.8402956,-14.5924864]', 8)
('[-20.2931287,-16.333251 ,-13.2640856,-15.7837564]', 8)
('[-21.3501577,-12.130421 , -9.6672376,-11.7631244]', 8)
('[-18.4492177,-15.000301 ,-11.2654976,-17.7754344]', 8)
('[-17.449957 , -8.278706 ,-10.0803576,-19.5485278]', 8)
('[-13.635181 , -9.629286 ,-11.319337 ,-10.3173892]', 8)
('[-13.9931655, -8.654451 , -8.945627 ,-14.3843992]', 8)
('[-19.8347128,-17.611056 , -7.4227126,-18.1910748]', 7)
('[-20.0903128,-16.528756 ,-10.7361126,-15.8350478]', 7)
('[-21.8308616,-15.296881 ,-11.7600746,-14.9852572]', 7)
('[-17.7510069,-17.417711 ,-13.6556246,-18.6570526]', 7)
('[-18.4837669,-17.361761 ,-12.4774946,-19.531144 ]', 7)
('[-18.1807669,-12.981061 ,-15.0388946,-20.532824 ]', 7)
('[-19.7617669,-13.850151 ,-12.7250946,-21.356944 ]', 7)
('[-19.3537269,-14.392291 ,-12.1978446,-22.015544 ]', 7)
('[-25.7626059,-16.179981 , -6.3918986,-15.36718  ]', 7)
('[-25.9612759,-19.443151 , -2.9902586,-16.194645 ]', 7)
('[-24.8948389,-13.921446 ,-13.4234516,-15.925151 ]', 7)
('[-21.3046237,-18.181916 ,-14.6561836,-12.6097384]', 7)
('[-19.9891197,-19.872466 ,-14.3362836,-16.1234084]', 7)
('[-20.5188897,-17.776076 ,-15.9993256,-12.9913584]', 7)
('[-19.4000897,-21.111776 ,-14.6538256,-11.0340584]', 7)
('[-23.6783547,-19.474786 ,-10.3072956,-13.0919984]', 7)
('[-18.4762887,-15.261351 ,-14.9806176,-18.8905564]', 7)
('[-17.1600077,-11.865621 ,-15.9816376,-10.5123314]', 7)
('[-17.5651077,-13.736081 ,-11.4328976,-17.5836644]', 7)
('[-18.7109277,-15.707936 ,-10.7033676,-18.2188244]', 7)
('[-18.0174377,-14.580101 ,-14.7354676,-13.5325244]', 7)
('[-16.2397425,-10.397706 ,-10.2554976,-18.9637178]', 7)
('[-18.076797 ,-14.579706 , -5.2960576,-18.4425278]', 7)
('[-18.615767 ,-11.374206 , -8.6772606,-13.1777788]', 7)
('[ -9.064282 ,-13.509436 ,-15.216087 ,-15.4141802]', 7)
('[-14.667552 ,-13.122336 , -9.796757 ,-13.2037232]', 7)
('[-14.377432 ,-12.544956 ,-10.792687 ,-13.8782582]', 7)
('[-14.6532455,-11.880451 , -5.139827 ,-13.2007992]', 7)
('[ -3.7946155,  0.8524   , -0.09356  ,-11.05741  ]', 7)
('[-21.8657128,-19.463056 , -4.4106126,-18.1940778]', 6)
('[-18.4739526,-19.795796 , -9.9605546,-15.7864722]', 6)
('[-22.7797416,-13.956031 ,-10.3083846,-19.5180672]', 6)
('[-20.3807616,-11.690181 ,-15.8157746,-16.5818572]', 6)
('[-18.4983816,-17.059761 ,-13.4449146,-15.8239772]', 6)
('[-18.5024361,-17.688811 ,-12.8037046,-16.5821472]', 6)
('[-19.2528259,-14.655026 ,-14.7625866,-16.380944 ]', 6)
('[-24.0295059,-12.225581 ,-11.1330986,-17.86888  ]', 6)
('[-23.4767519,-14.662971 ,-10.8012186,-13.894135 ]', 6)
('[-21.5823819,-18.687591 ,-12.3353486,-15.280625 ]', 6)
('[-24.2548154,-14.411941 ,-12.9722616,-25.098055 ]', 6)
('[-26.1206789,-16.400426 ,-11.6818216,-15.042835 ]', 6)
('[-27.5263389,-17.706146 , -7.1225516,-15.604004 ]', 6)
('[-25.6916089,-18.686886 , -9.3655436,-14.722323 ]', 6)
('[-21.2720297,-15.152276 ,-18.4421936,-11.8224584]', 6)
('[-22.1114947,-10.893346 ,-15.0622556,-18.9362524]', 6)
('[-19.9841577,-12.314581 ,-10.5726276,-13.3437244]', 6)
('[-17.4422577,-11.656541 ,-13.2568276,-14.5389244]', 6)
('[-17.9020275,-17.538876 , -4.8065476,-14.2523348]', 6)
('[-13.8762425, -8.436006 ,-14.9497976,-18.1365978]', 6)
('[-17.733397 ,-14.455556 , -5.5833876,-18.2959878]', 6)
('[-16.939927 , -8.042796 ,-10.1006306,-20.3118678]', 6)
('[-19.354327 ,-11.775696 , -6.5815306,-15.3088678]', 6)
('[-16.5977955,-12.592201 , -1.185767 ,-11.2088492]', 6)
('[-15.6402655, -9.947601 , -2.884899 ,-13.8647292]', 6)
('[ -5.4993955, -6.837008 , -1.22109  ,-14.3839856]', 6)
('[ -2.4655155, -4.954088 , -2.30741  ,-12.3006556]', 6)
('[-24.942483 , -9.390276 ,-11.3538906,-14.481753 ]', 5)
('[-19.607663 ,-18.118436 , -9.6004706,-12.406653 ]', 5)
('[-18.6957538,-13.242916 ,-13.0581026,-15.4769998]', 5)
('[-20.5962378,-19.713046 , -8.2080646,-14.4252968]', 5)
('[-18.4752378,-19.657166 ,-10.1570646,-15.7782968]', 5)
('[-24.3607416,-14.825121 , -7.9945846,-20.3421872]', 5)
('[-24.9772616,-18.719521 , -3.2670846,-15.9473872]', 5)
('[-19.6489969,-14.406721 ,-11.6519766,-22.103444 ]', 5)
('[-24.9365959,-19.141081 , -5.1054986,-13.90248  ]', 5)
('[-25.7350359,-18.714781 , -3.6634586,-16.10717  ]', 5)
('[-21.3326954,-12.349001 ,-15.0401716,-23.736155 ]', 5)
('[-25.0911089,-17.687436 ,-11.5781436,-14.624924 ]', 5)
('[-20.4726997,-17.881846 ,-15.6312536,-15.8566684]', 5)
('[-21.2785197,-17.196766 ,-15.3850836,-12.5544284]', 5)
('[-20.0865787,-14.566576 ,-19.1716256,-10.6464484]', 5)
('[-23.2196247,-17.517316 ,-13.3268656,-13.6403384]', 5)
('[-24.4988547,-11.553586 ,-15.7051456,-16.8798984]', 5)
('[-23.7934947,-17.705446 , -7.9224556,-17.6039524]', 5)
('[-15.9895047,-15.385671 ,-17.2569256,-17.0115424]', 5)
('[-17.7266592,-19.969121 ,-11.8745156,-15.2680124]', 5)
('[-19.6802687,-21.218761 , -7.8487076,-19.4590104]', 5)
('[-17.2608277,-12.101236 ,-14.7590676,-19.8154244]', 5)
('[-19.1846627,-19.399321 , -6.5689676,-17.3922344]', 5)
('[-15.2832565, -8.388486 ,-14.7193476,-16.6781348]', 5)
('[-13.5942425,-12.916006 ,-11.8631976,-17.9909348]', 5)
('[-16.493852 ,-12.511826 , -5.265187 , -5.7666392]', 5)
('[ -6.4351835, -6.193626 , -3.86219  ,-13.9634556]', 5)
('[ -6.7359935, -6.367436 , -2.10799  ,-14.4526656]', 5)
('[-19.523563 ,-14.327576 ,-12.7507806,-12.422653 ]', 4)
('[-21.536883 ,-14.426826 , -7.6123506,-16.722043 ]', 4)
('[-20.2986538,-13.631946 ,-11.4381026,-13.5666998]', 4)
('[-19.9518728,-17.006836 , -7.8085826,-18.2501398]', 4)
('[-18.3519873,-13.648306 ,-17.2561726,-17.5887278]', 4)
('[-19.5484273,-11.510706 ,-17.7254726,-17.2179988]', 4)
('[-20.8815833,-10.448936 ,-15.4375646,-12.3856868]', 4)
('[-23.9760016,-18.450626 , -5.1787846,-17.2768122]', 4)
('[-23.1892016,-13.829826 ,-10.9995846,-17.5052272]', 4)
('[-23.3104616,-14.053296 ,-10.5263146,-18.4754672]', 4)
('[-18.5011509,-17.827441 ,-12.6071946,-16.5903226]', 4)
('[-21.8810069,-15.509631 , -9.5709866,-22.609874 ]', 4)
('[-17.3982069, -9.353561 ,-20.0720866,-17.003424 ]', 4)
('[-20.4299069,-14.619861 ,-13.1885866,-15.010304 ]', 4)
('[-19.3135059,-18.719031 ,-11.1886566,-16.608444 ]', 4)
('[-18.4241859,-18.375481 ,-13.9720866,-14.835096 ]', 4)
('[-17.6853859,-17.160831 ,-16.0030366,-16.242806 ]', 4)
('[-23.9899519,-17.446071 , -9.1855186,-12.162225 ]', 4)
('[-19.7484819,-13.017791 ,-17.2817186,-15.010875 ]', 4)
('[-19.9567154,-20.156746 ,-11.9064386,-17.093045 ]', 4)
('[-18.7618854,-19.358021 ,-10.7044986,-22.383795 ]', 4)
('[-18.0630954,-15.980921 ,-14.8255986,-23.888095 ]', 4)
('[-22.3866654,-14.083111 ,-12.7614716,-22.879295 ]', 4)
('[-25.2742154,-15.514841 ,-10.6722616,-25.692005 ]', 4)
('[-19.8545237,-14.575216 ,-18.7118836,-14.2063384]', 4)
('[-21.2133697,-19.611746 ,-12.4349536,-15.7109684]', 4)
('[-21.4928297,-16.501476 ,-16.2621936,-12.8509584]', 4)
('[-23.0061597,-23.890776 , -7.5046256, -8.7098584]', 4)
('[-23.2809547,-15.365176 ,-12.4219256,-17.4496984]', 4)
('[-23.5615947,-14.500046 ,-11.0065556,-17.3396524]', 4)
('[-17.7226047,-19.340071 ,-12.5157256,-14.5098424]', 4)
('[-19.6654652,-22.214271 , -8.5339556,-15.1330754]', 4)
('[-18.7516742,-14.342651 ,-17.0461456,-13.4704564]', 4)
('[-19.7751287,-16.074601 ,-14.1049356,-14.8225764]', 4)
('[-20.0791887,-15.650381 ,-13.3606176,-16.9802564]', 4)
('[-19.9815777,-24.020501 , -3.1309076,-16.4538404]', 4)
('[-19.3191577,-10.278421 ,-12.6793376,-11.7601214]', 4)
('[-18.2028375,-17.712686 , -3.0523476,-14.7415448]', 4)
('[-18.673027 ,-11.997196 , -5.3594306,-17.8101678]', 4)
('[-15.246647 , -8.613856 ,-14.2013206,-11.9235378]', 4)
('[-11.095282 ,-15.361436 ,-12.203987 ,-15.4171832]', 4)
('[-15.7306055, -7.017511 , -5.913877 ,-12.5135292]', 4)
('[ -9.3966255,-10.543296 ,  1.45141  ,-13.7065846]', 4)
('[ -5.1168835, -4.291926 , -7.17329  ,-13.8983846]', 4)
('[ -6.7106795, -6.193606 , -1.9946   ,-15.6724656]', 4)
('[ -5.3926895, -4.277398 , -1.90346  ,-17.6654956]', 4)
('[ -5.8427955, -6.961158 , -0.93376  ,-14.5305256]', 4)
('[ -3.5016455, -4.018688 , -1.06111  ,-15.6778356]', 4)
('[-3.1645855,-3.418688 ,-1.66791  ,-7.8437756]', 4)
('[-4.1259355,-3.209658 , 2.44606  ,-9.340267 ]', 4)
('[ -4.4090355,  0.761342 , -0.41174  ,-10.55527  ]', 4)
('[-5.3104455,-1.32853  , 7.29164  ,-5.8733   ]', 4)
('[-19.2005028,-18.053776 ,-13.0887826,-12.8104278]', 3)
('[-21.2304273,-18.322806 ,-10.5856726,-15.8856988]', 3)
('[-19.4769273,-11.581086 ,-17.7403726,-18.0127888]', 3)
('[-20.9270273,-15.187786 ,-13.6846726,-16.4161888]', 3)
('[-21.1310333,-25.327206 , -0.7997126,-13.4186198]', 3)
('[-20.6202333,-15.142156 ,-11.2523126,-12.8573718]', 3)
('[-19.7348378,-19.330246 , -9.3362446,-13.3175768]', 3)
('[-18.8303626,-17.604396 ,-11.4405546,-17.4011022]', 3)
('[-16.1066816,-12.503261 ,-18.4337146,-18.7226772]', 3)
('[-20.7031159,-20.107531 ,-10.7711566,-11.587767 ]', 3)
('[-19.0036859,-19.062531 ,-12.6919366,-16.307877 ]', 3)
('[-19.6938459,-15.559301 ,-12.9683666,-18.621618 ]', 3)
('[-18.7839459,-11.876001 ,-16.9735666,-19.133218 ]', 3)
('[-25.4531159,-22.311151 , -1.1794586,-13.933445 ]', 3)
('[-21.2112819,-14.588391 ,-14.8460186,-14.512615 ]', 3)
('[-19.4259954,-20.059481 ,-11.6885086,-18.135645 ]', 3)
('[-20.9011954,-19.264721 ,-10.7306986,-19.475995 ]', 3)
('[-22.3443954,-13.251201 ,-12.6895716,-24.163295 ]', 3)
('[-20.9918154,-15.146631 ,-10.9969516,-27.255465 ]', 3)
('[-25.8112499,-19.742326 , -5.6537216,-25.554875 ]', 3)
('[-26.0845599,-24.619626 , -0.7343216,-19.735075 ]', 3)
('[-26.0035189,-17.004646 ,-11.2959516,-14.98377  ]', 3)
('[-26.1138389,-18.978746 , -7.9291516,-14.33118  ]', 3)
('[-23.7393089,-16.627936 ,-13.9218436,-14.224944 ]', 3)
('[-20.0563597,-15.617776 ,-17.7692256, -9.8727584]', 3)
('[-21.0806647,-15.495646 ,-16.7582356,-12.4601984]', 3)
('[-24.6469547,-15.181016 ,-11.5165356,-15.8690984]', 3)
('[-23.0308747,-14.402781 ,-10.7886256,-18.3822524]', 3)
('[-21.8884952,-22.510111 , -8.8642956,-11.8670864]', 3)
('[-21.1249952,-14.659211 ,-15.2393956,-11.8549864]', 3)
('[-20.6914687,-18.220361 , -9.0151076,-21.0775104]', 3)
('[-18.8420077,-18.677721 , -8.8418376, -9.1800314]', 3)
('[-20.7286277,-17.506136 , -7.7452676,-18.4287244]', 3)
('[-22.2182277,-20.934936 , -3.7143676,-17.0028244]', 3)
('[-15.9030237,-13.922051 ,-16.3260776,-16.4958244]', 3)
('[-16.9582237,-15.107751 ,-13.6849776,-16.6061544]', 3)
('[-17.5813027,-19.349721 , -6.6174676,-17.6991944]', 3)
('[-17.4941775,-15.326891 , -9.1301576,-11.6585298]', 3)
('[-17.6963375,-17.245091 , -5.8473576,-11.0408498]', 3)
('[-18.005017 ,-13.387676 , -7.5162506,-10.7959488]', 3)
('[-17.832057 ,-12.206076 , -8.8980506,-11.5295488]', 3)
('[-12.275852 , -8.565836 ,-14.785557 ,-16.1024232]', 3)
('[-12.976021 , -6.159011 ,-11.110807 ,-12.0517592]', 3)
('[-14.9157955, -5.780101 , -8.325567 ,-12.5411492]', 3)
('[-14.1506655, -6.518801 , -6.915799 ,-15.2906292]', 3)
('[-10.1606455, -6.119256 , -4.59812  ,-13.5549796]', 3)
('[ -8.9132855, -8.006376 , -2.22326  ,-14.0897996]', 3)
('[ -5.1520155, -6.460388 , -0.57959  ,-15.0055056]', 3)
('[ -4.2333155, -9.982388 ,  6.01619  ,-12.9890356]', 3)
('[-1.9419455, 4.32056  ,-0.15836  ,-8.28538  ]', 3)
('[-19.530363 ,-13.177036 ,-14.3750706,-13.257053 ]', 2)
('[-20.159753 ,-13.878496 ,-11.9214006,-14.804433 ]', 2)
('[-20.864653 ,-14.050236 ,-10.1355006,-15.165623 ]', 2)
('[-22.548583 ,-15.329026 , -5.2617506,-17.149183 ]', 2)
('[-20.582033 ,-15.055726 , -8.4474506,-14.4801844]', 2)
('[-20.368093 ,-14.372856 , -8.5439826,-15.6766844]', 2)
('[-20.3668078,-14.511486 , -8.3474726,-15.6848598]', 2)
('[-17.6172438,-13.391826 ,-12.8487726,-18.9299698]', 2)
('[-19.1370628,-15.769426 ,-10.2202726,-18.2777598]', 2)
('[-22.4663973,-18.989036 , -9.2933326,-14.8696188]', 2)
('[-20.7973073,-17.993736 ,-11.4675026,-14.9880898]', 2)
('[-21.7461473,-19.638776 , -8.2624026,-14.7639298]', 2)
('[-21.7208333,-19.464946 , -8.1490126,-15.9837298]', 2)
('[-17.6999633,-17.716376 ,-12.6343926,-12.7552068]', 2)
('[-22.4719833,-12.661036 ,-12.3192646,-12.2684368]', 2)
('[-17.2426626,-10.997196 ,-17.2427546,-17.7170322]', 2)
('[-19.0605409,-17.517041 ,-12.7902646,-17.0368526]', 2)
('[-23.6380069,-21.465031 , -2.4723866,-17.537924 ]', 2)
('[-20.1320069, -8.898331 ,-17.6329866,-16.785764 ]', 2)
('[-18.7500069,-10.413061 ,-17.7283866,-17.403404 ]', 2)
('[-17.6499259,-14.265996 ,-16.3825866,-18.291244 ]', 2)
('[-20.5132859,-18.859701 ,-12.2680866,-13.091596 ]', 2)
('[-17.1673859,-16.902181 ,-16.8438866,-15.281626 ]', 2)
('[-21.0456459,-16.618801 ,-10.6246666,-19.021598 ]', 2)
('[-25.0578559,-19.364551 , -4.6322286,-14.87272  ]', 2)
('[-26.0784359,-18.838931 , -3.3761286,-16.25371  ]', 2)
('[-19.4419919,-18.128901 ,-14.4660786,-14.009975 ]', 2)
('[-20.2088154,-12.506421 ,-17.7122986,-20.262155 ]', 2)
('[-23.0096154,-15.473711 ,-12.2030986,-21.214705 ]', 2)
('[-21.7360954,-11.374331 ,-12.6100516,-28.830865 ]', 2)
('[-23.6303054,-14.885841 , -8.9473616,-26.734295 ]', 2)
('[-20.5442054,-11.434341 ,-16.7980616,-26.282555 ]', 2)
('[-26.3419699,-19.839591 , -5.8716516,-24.512275 ]', 2)
('[-26.7003289,-20.667246 , -5.8361516,-14.139304 ]', 2)
('[-24.1172889,-13.153676 ,-16.4478036,-15.497394 ]', 2)
('[-17.6521897,-15.288776 ,-20.5237256,-12.2460584]', 2)
('[-22.1020897,-20.519976 ,-12.0033256,-12.4063584]', 2)
('[-25.7068547,-15.627986 ,-10.9416456,-14.2669984]', 2)
('[-23.9026747,-18.953316 , -9.9034356,-14.2936984]', 2)
('[-21.5898652,-23.207511 , -5.9328256,-16.1037354]', 2)
('[-20.7830842,-17.692751 ,-11.7720456,-11.8920264]', 2)
('[-18.7557287,-14.971701 ,-16.4049356,-14.2286264]', 2)
('[-20.2639287,-18.402511 , -9.8459076,-20.2465114]', 2)
('[-20.8644287,-19.401961 , -7.6333076,-20.3439104]', 2)
('[-19.2781177,-26.977501 ,  0.4637924,-13.3081404]', 2)
('[-15.6796177,-13.318201 ,-17.1414076,-10.8154404]', 2)
('[-17.5635177,-11.880011 ,-12.7835576,-15.5091644]', 2)
('[-16.0575177,-10.443801 ,-16.2542976,-20.6741344]', 2)
('[-17.6988937,-16.837651 ,-10.4886776,-16.4604544]', 2)
('[-19.2199327,-24.777361 ,  1.8657324,-14.0004344]', 2)
('[-18.604847 ,-15.854256 , -2.7594206,-12.4946678]', 2)
('[-20.440707 ,-13.716596 , -4.9442606,-13.4165488]', 2)
('[-20.703266 ,-13.778616 , -1.6534926,-15.7461802]', 2)
('[-17.385266 , -9.236466 , -9.4944426,-16.4793202]', 2)
('[-17.359952 , -9.062636 , -9.3810526,-17.6991202]', 2)
('[-10.501982 ,-14.941436 ,-13.101687 ,-14.9935102]', 2)
('[-15.825281 , -8.083526 ,-10.788687 , -8.0446292]', 2)
('[-11.373121 , -5.769981 ,-12.730807 ,-13.9620592]', 2)
('[-14.2174855, -8.132981 , -8.541767 ,-15.5860992]', 2)
('[-15.2433555, -4.236301 , -5.597999 ,-14.1875406]', 2)
('[-11.8954355,-15.234471 ,  1.394323 , -9.1361906]', 2)
('[ -8.5962655, -7.615361 , -6.802477 ,-10.3641706]', 2)
('[ -9.1556555, -7.304961 , -6.985547 ,-10.8107006]', 2)
('[ -8.6456255, -7.069051 , -7.00582  ,-11.5740406]', 2)
('[ -7.3402955, -5.094986 , -9.19019  ,-13.7485406]', 2)
('[ -9.0201955, -9.301786 , -4.65039  ,-11.3554406]', 2)
('[-10.8655455, -6.290996 , -2.81222  ,-13.9161696]', 2)
('[ -9.5137855, -9.939076 ,  1.06554  ,-13.7656496]', 2)
('[-1.8127855,-2.359188 ,-4.01161  ,-7.4437956]', 2)
('[-6.5184455,-5.40293  ,12.05514  ,-3.2604   ]', 2)
('[-0.92749,-0.6498 , 1.2981 ,-2.61855]', 2)
('[-17.939963 ,-10.964936 ,-17.4933706,-13.374303 ]', 1)
('[-20.038493 ,-13.655026 ,-12.3946706,-13.834193 ]', 1)
('[-20.338093 ,-13.582426 , -9.8666506,-15.0655344]', 1)
('[-20.7102078,-14.635636 , -8.0601426,-15.8313998]', 1)
('[-17.9322678, -9.249276 ,-16.5402926,-15.2455998]', 1)
('[-16.1731238,-11.815096 ,-16.4480326,-17.5998398]', 1)
('[-16.3974438,-11.293626 ,-16.0441726,-18.8015398]', 1)
('[-17.5089328,-15.953456 ,-15.8631826,-15.6616478]', 1)
('[-20.5189873,-15.729926 ,-13.1574226,-17.0747888]', 1)
('[-22.2520873,-19.684326 , -8.4162226,-14.5730888]', 1)
('[-21.5022073,-18.165476 , -9.6816026,-15.3492798]', 1)
('[-20.5237233,-21.372806 , -5.5717126,-17.9039198]', 1)
('[-19.8456233,-13.265356 ,-13.6546126,-13.9892718]', 1)
('[-18.5594633,-17.176276 ,-14.3234926,-10.0314868]', 1)
('[-18.7496026,-14.022396 ,-14.0847546,-16.0575322]', 1)
('[-20.6457916,-15.576416 ,-12.2416846,-16.1505622]', 1)
('[-23.6751916,-18.276816 , -6.9329846,-16.7876022]', 1)
('[-23.6112616,-18.903681 , -4.1724746,-17.5279872]', 1)
('[-19.8048209,-13.744741 ,-14.4033646,-18.6122526]', 1)
('[-19.2226069,-15.706226 ,-13.3601866,-15.607254 ]', 1)
('[-19.8442259,-18.816296 ,-11.4065866,-15.565844 ]', 1)
('[-17.3203459,-12.471901 ,-18.9205666,-18.446217 ]', 1)
('[-18.6386459,-14.373601 ,-15.6094666,-18.511288 ]', 1)
('[-20.9580059,-16.972581 , -9.7212986,-17.190917 ]', 1)
('[-25.0334659,-25.220551 ,  0.6064414,-11.726545 ]', 1)
('[-21.0229919,-18.997991 ,-12.1522786,-14.834095 ]', 1)
('[-17.2924254,-19.266951 ,-14.2916086,-20.592495 ]', 1)
('[-22.7435254,-16.711101 ,-10.8041716,-21.392695 ]', 1)
('[-19.9366154,-13.960931 ,-13.6380516,-27.145135 ]', 1)
('[-25.2782699,-16.143891 ,-10.0310516,-26.450175 ]', 1)
('[-22.3884599,-10.941726 ,-18.3138216,-17.116975 ]', 1)
('[-23.5765389,-12.019746 ,-16.7345516,-15.86008  ]', 1)
('[-27.0437289,-20.791396 , -5.5488216,-14.285844 ]', 1)
('[-23.8132289,-13.577896 ,-17.1921216,-13.339714 ]', 1)
('[-21.2089197,-21.970666 ,-11.1408836,-16.2518384]', 1)
('[-20.7328297,-18.458946 ,-15.9027936,-11.7948584]', 1)
('[-18.0856377,-10.129136 ,-16.8987676,-15.7713044]', 1)
('[-17.5151737,-16.858321 , -9.5575676,-18.3207544]', 1)
('[-15.7616027,-13.822621 ,-14.8023676,-17.8720144]', 1)
('[-17.7793027,-15.620821 ,-11.8442676,-18.0819144]', 1)
('[-19.2186475,-24.915991 ,  2.0622424,-14.0086098]', 1)
('[-15.9609475,-13.983891 ,-11.8257576,-11.1025398]', 1)
('[-17.5011875,-16.676006 , -6.0332676,-13.3502198]', 1)
('[-16.962627 , -7.219196 ,-11.5703306,-18.2075678]', 1)
('[-16.686717 ,-11.485976 ,-10.8273506,-10.7308778]', 1)
('[-18.859707 ,-12.847506 , -7.2580606,-12.5924288]', 1)
('[-20.129007 ,-10.809226 , -6.5739926,-15.7906002]', 1)
('[-12.106982 ,-16.263636 , -9.853387 ,-15.8443232]', 1)
('[-11.451762 ,-10.575136 ,-13.981887 ,-18.0188432]', 1)
('[-13.353032 , -9.430726 ,-11.803487 ,-14.7062482]', 1)
('[-15.056081 , -9.087146 ,-10.393987 , -9.7976092]', 1)
('[-14.648041 , -9.629286 , -9.866737 ,-10.4562092]', 1)
('[-14.649191 ,-11.251401 , -5.781037 ,-12.4426292]', 1)
('[ -9.6206955,-10.301236 , -2.43779  ,-11.4528396]', 1)
('[-10.6925855, -5.109396 , -4.19402  ,-14.6497696]', 1)
('[ -7.1801855, -4.051976 , -6.96446  ,-16.5914996]', 1)
('[ -2.4264955, -3.853108 , -6.82029  ,-14.0637556]', 1)
('[ -2.7437155, -6.553588 ,  1.98529  ,-14.4149356]', 1)
('[ -0.8751155, -2.741988 , -5.42571  ,-12.4179056]', 1)
('[-3.48491550e+00,-6.05698800e+00,-7.41000000e-03,-1.28946056e+01]', 1)
('[-3.9088655, 0.353612 ,-3.28101  ,-9.4191756]', 1)
('[-4.4225255,-2.62604  , 6.09514  ,-7.60955  ]', 1)
('[-2.1608255, 2.11676  ,-0.25376  ,-7.72117  ]', 1)
('[-3.5229455, 3.45147  , 2.15544  ,-9.1095   ]', 1)
('[-0.40949,-0.39115, 0.45725,-1.65737]', 1)
('[-0.26982, 2.152  ,-2.4134 ,-3.61594]', 1)
('[0.,0.,0.,0.]', 1)
('[-17.500883 , -9.526726 ,-16.5057506,-16.759083 ]', 0)
('[-20.257503 ,-15.078526 , -9.2571506,-14.0276344]', 0)
('[-20.3021678,-15.177776 , -7.5328926,-16.4899998]', 0)
('[-19.0721238,-12.419336 ,-13.8435326,-16.2222398]', 0)
('[-19.3513728,-15.074136 ,-11.0973826,-18.5742898]', 0)
('[-19.0266128,-12.833056 ,-14.8955126,-17.7729478]', 0)
('[-18.0797128,-11.169346 ,-18.6612126,-15.5048678]', 0)
('[-19.8672128,-15.949346 ,-13.5250126,-12.2686678]', 0)
('[-18.8607328,-17.012956 ,-13.5194826,-16.0616278]', 0)
('[-19.8801328,-18.115856 ,-11.2194826,-16.6555778]', 0)
('[-20.0850873,-17.602706 ,-12.5149726,-15.0870278]', 0)
('[-18.1251273,-10.521586 ,-20.0840726,-17.6128088]', 0)
('[-22.5767173,-20.963136 , -5.9265326,-14.2170288]', 0)
('[-22.1266233,-21.761836 , -3.9517126,-15.9936198]', 0)
('[-17.9887333,-12.290706 ,-16.4770126,-12.7569698]', 0)
('[-16.1677633,-12.619776 ,-19.3122926,-12.9301868]', 0)
('[-19.3141233,-12.199636 ,-15.6292646,-14.0050868]', 0)
('[-23.9796833,-14.620636 , -9.2608646,-12.1460068]', 0)
('[-22.6177378,-15.433846 , -9.5250446,-14.4847768]', 0)
('[-21.6574916,-16.478616 , -9.8910846,-16.5777022]', 0)
('[-17.5443816,-13.935261 ,-16.3193146,-18.3020072]', 0)
('[-16.9609669,-10.882861 ,-18.2342946,-20.404394 ]', 0)
('[-20.3477869,-17.783821 , -7.5308766,-20.599144 ]', 0)
('[-22.9004069,-16.612531 , -7.2709866,-23.203824 ]', 0)
('[-18.1674069,-14.520526 ,-16.0012866,-15.496924 ]', 0)
('[-19.9208159,-22.673431 , -6.4166566,-12.123144 ]', 0)
('[-20.9791059, -9.270681 ,-16.4451986,-17.271927 ]', 0)
('[-25.4342259,-18.540971 , -5.4176586,-15.61796  ]', 0)
('[-21.7642659,-12.479951 ,-14.9508586,-11.584725 ]', 0)
('[-22.3100519,-13.239271 ,-13.7253186,-14.555325 ]', 0)
('[-17.9342919,-16.169301 ,-17.5244786,-14.132405 ]', 0)
('[-17.5167454,-18.745481 ,-13.8877486,-21.794195 ]', 0)
('[-21.7898154,-13.375511 ,-15.3984986,-21.086275 ]', 0)
('[-20.3446554,-13.418791 ,-14.1653016,-26.486535 ]', 0)
('[-25.2207054,-17.097941 , -5.8290616,-26.617045 ]', 0)
('[-22.5619054,-13.232541 ,-13.8399616,-26.492455 ]', 0)
('[-21.9518089,-11.847936 ,-19.0580436,-17.461144 ]', 0)
('[-18.8868197,-12.640266 ,-20.3738836,-15.4531284]', 0)
('[-19.2425897,-17.500876 ,-17.4054256,-12.1288084]', 0)
('[-23.5959947,-16.693736 ,-14.1122956,-14.3855784]', 0)
('[-24.1139947,-16.952386 ,-13.2714456,-15.3467584]', 0)
('[-25.1256947,-17.854586 ,-10.9208456,-15.7738984]', 0)
('[-17.6572047,-22.539171 , -9.3640256,-16.0438924]', 0)
('[-19.7576592,-21.821121 , -8.8624156,-15.2710154]', 0)
('[-21.2464652,-23.083361 , -6.2201556,-15.9571954]', 0)
('[-22.1492552,-22.897111 , -6.1158956,-16.5502654]', 0)
('[-18.1319552,-14.584811 ,-18.5705956,-15.1127654]', 0)
('[-20.0697952,-13.473511 ,-17.8804956,-11.7446564]', 0)
('[-18.6905987,-14.566061 ,-15.8577276,-19.1870864]', 0)
('[-20.7891287,-17.256151 ,-10.7590276,-19.6469764]', 0)
('[-19.8647177,-20.285501 , -7.5688076,-20.8279404]', 0)
('[-16.0559877,-12.494621 ,-17.9268376,-11.5606804]', 0)
('[-18.1717077,-12.767821 ,-13.6310376,-10.9394714]', 0)
('[-17.8114577, -8.318821 ,-15.7377376,-11.8825514]', 0)
('[-19.3427077,-13.667811 , -9.7712276,-16.0841244]', 0)
('[-19.6861077,-13.791961 , -9.4838976,-16.2306644]', 0)
('[-19.1461077,-14.605171 , -9.1190976,-18.4077844]', 0)
('[-19.2870027,-17.580421 , -8.7858676,-17.9594844]', 0)
('[-19.8895627,-19.571061 , -4.7830676,-17.7534244]', 0)
('[-19.9998827,-21.545161 , -1.4162676,-17.1008344]', 0)
('[-14.7411475,-11.885691 ,-15.0211576,-10.9741098]', 0)
('[-17.9106475,-16.549801 , -6.7244676,-11.3373798]', 0)
('[-17.3840275,-17.280226 , -5.6473976,-13.2911548]', 0)
('[-18.2330565,-16.661486 , -4.4547476,-15.5152348]', 0)
('[-17.0454425,-12.994656 , -9.4697576,-14.6617348]', 0)
('[-17.7293425,-13.826506 , -6.2245976,-17.5378178]', 0)
('[-19.566687 , -9.807726 , -8.8465926,-15.7966488]', 0)
('[-15.847866 , -7.874916 ,-12.6352926,-14.9241902]', 0)
('[-16.867266 , -8.977816 ,-10.3352926,-15.5181402]', 0)
('[-11.159652 ,-17.743236 , -9.390187 ,-13.9961202]', 0)
('[-13.798652 ,-15.044736 , -9.028757 ,-15.2291732]', 0)
('[-11.869032 ,-12.317326 ,-12.280687 ,-15.0851582]', 0)
('[-11.762632 , -7.218626 ,-14.921787 ,-14.8234982]', 0)
('[-14.671332 ,-11.332426 , -8.492387 ,-14.7713192]', 0)
('[-15.566452 ,-16.106226 , -3.649287 , -9.1804192]', 0)
('[-13.244352 , -6.775826 ,-12.882287 , -8.3817092]', 0)
('[-14.685461 ,-10.401111 , -8.787607 ,-12.1841092]', 0)
('[-12.592921 , -7.868181 , -9.535407 ,-14.0904892]', 0)
('[-12.969291 , -7.044601 ,-10.320837 ,-14.8357292]', 0)
('[-14.9741755, -7.410701 , -7.674367 ,-14.1769792]', 0)
('[-16.4818755, -9.370301 , -4.615967 ,-14.0545492]', 0)
('[-15.5162955, -7.712801 , -5.036767 ,-12.2169992]', 0)
('[-14.6810355, -3.234801 , -7.870599 ,-14.1935892]', 0)
('[-14.6213755, -4.095571 , -5.167281 ,-16.0426406]', 0)
('[ -5.0400795, -4.103606 , -3.5786   ,-16.3840856]', 0)
('[ -5.2543895, -3.408316 , -4.45571  ,-16.6806156]', 0)
('[ -4.3809895, -3.375198 , -4.25406  ,-17.2383556]', 0)
('[ -5.3845955, -8.461408 ,  1.57531  ,-17.5115556]', 0)
('[ -4.4441955, -5.651308 , -3.86219  ,-14.2736556]', 0)
('[ -4.2886255, -8.395188 ,  1.79331  ,-13.9158056]', 0)
('[ -3.6285455, -5.169188 , -2.01249  ,-15.0994056]', 0)
('[ -3.7536855,-11.043988 ,  5.14339  , -6.5033056]', 0)
('[ -4.0301255,  0.130142 , -2.80774  ,-10.3894156]', 0)
('[ -4.5924455, -0.871358 , -0.53514  ,-10.383367 ]', 0)
('[ -2.3780355,  2.613342 , -3.42384  ,-10.552267 ]', 0)
('[-4.2682955,-2.5081   , 4.41284  ,-7.01431  ]', 0)
('[-2.5011455, 2.90937  ,-0.39956  ,-1.8229   ]', 0)
('[-2.5052 , 2.28032, 0.24165,-2.58107]', 0)
('[-2.01239,-0.78018, 2.07725, 0.25293]', 0)
('[-1.2369 ,-1.6906 , 2.518  , 0.51636]', 0)
