853
0.038030322285440225
0.10615212608395438
0.1058244643488432
0.11454753722758798
0.09548491416477076
0.08096334823214062
0.10146486664129593
0.11454753722774037
0.1145475372276721
0.09794680884123287
0.11454753722752425
0.11454753722774091
0.10202030499318145
0.11454753722764673
0.11454753722754563
0.11454753722764756
0.09624001942336444
0.03894096745555779
0.1145475372276948
0.11454753722758027
0.11454753722785972
0.11454753722761515
0.1145475372275639
0.0782185848241128
0.11454753722769866
0.11454753722771725
0.08820301235407095
0.11454753722771116
0.11454753722769999
0.11454753722770095
0.11454753722769631
0.01127517275594791
0.1145475372276001
0.1145475372277949
0.11454753722771956
0.11028429290394366
0.11454753722758668
0.07084110113068857
0.10078156208231324
0.11454753722755276
0.10520431861888473
0.11454753722769159
0.11454753722766303
0.11454753722759242
0.11454753722771345
0.11454753722757686
0.11454753722766253
0.03894096745557837
0.08375590106314403
0.11454753722769828
0.1145475372277249
0.1145475372277991
0.11454753722768095
0.1145475372277256
0.0725438396520246
0.11454753722761109
0.1145475372276981
0.11454753722759219
0.11454753722759459
0.11454753722762469
0.10568851716958581
0.05149043873032925
0.1061415303174963
0.10843456697772173
0.11454753722765153
0.11454753722771055
0.04055653136863892
0.11454753722758058
0.1089324246441488
0.0977535469609118
0.11454753722769943
0.11454753722769731
0.11454753722778675
0.1145475372277009
0.11454753722776717
0.11454753722778664
0.11401485074281195
0.11454753722758995
0.11454753722754293
0.07978742624507257
0.038928410730225516
0.11287290850304252
0.07369216929185902
0.11454753722767934
0.11454753722771818
0.11454753722760047
0.11454753722757542
0.11454753722755008
0.11454753722755134
0.11454753722781355
0.11454753722770092
0.11454753722786107
0.11454753722759886
0.11454753722784024
0.11454753722755212
0.11454753722768898
0.07882763889756357
0.08481283950314107
0.11454753722769455
0.08444204339528641
0.11454753722770779
0.0897992547520675
0.11454753722770515
0.11454753722759256
0.11454753722759135
0.11454753722773092
0.11454753722760927
0.11454753722769868
0.09329630563428322
0.11454753722774345
0.11454753722769152
0.1145475372277083
0.09639583685236863
0.11454753722731777
0.0861951943389786
0.11454753722768295
0.11454753722759356
0.11454753722769456
0.11454753722775203
0.11454753722759622
2.193168242568583e-14
0.11454753722769734
0.1145475372277987
0.11454753722769424
0.11454753722786121
0.1006885659595847
0.10396283993897235
0.11454753722761725
0.114547537227555
0.11454753722769995
0.11020843995225604
0.11454753722757449
0.1145475372276967
0.11454753722763426
0.11454753722759731
0.1066006023950758
0.08523608419821438
0.04718200316786992
0.11454753722773688
0.11454753722780259
0.11454753722770765
0.10308226295171688
0.1145475372275659
0.08736641214233433
0.10614197570946886
0.11454753722763611
0.11454753722778255
0.11454753722770772
0.0111885929050744
0.1145475372277026
0.1145475372275908
0.08907133451554569
0.043313972423742755
0.1145475372277047
0.09221252605039602
0.10722986992870015
0.11454753722770387
0.11454753722770407
0.1094793420199801
0.10477044895314287
0.10947633280197408
0.11454753722768934
0.11454753722778964
0.1130404236644935
0.1006025691668556
0.06415471569443944
0.11454753722777701
0.09660416003249304
0.06373185221245162
0.11454753722763213
0.10226388601070147
0.11454753722770276
0.11155529405140491
0.11454753722770633
0.11454753722781272
0.10792465910470964
0.11454753722756712
0.11454753722770161
0.11454753722756389
0.03893960394843974
0.11454753722761632
0.08241604017232045
0.11454753722765694
0.1145475372276383
0.11454753722772613
0.11454753722769778
0.11454753722779164
0.04461701366491677
0.11454753722769355
0.07547779193647657
0.038928410730229124
0.11454753722776384
0.03923997637809572
0.11454753722770397
0.05839702251200462
0.0882031336453077
0.11454753722779726
0.08331300464705861
0.10646500520948483
0.11454753722792005
0.1145475372276087
0.11454753722777872
0.07009086940423516
0.11454753722758948
0.1145475372279311
0.1004385085426112
0.11454753722770968
0.11454753722756598
0.11454753722774601
0.11454753722775933
0.1145475372277015
0.1145475372277007
0.1145475372275607
0.03220259186614242
0.11454753722755787
0.11454753722759538
0.07088460169004158
0.11454753722778044
0.11454753722769988
0.11454753722785714
0.10143446179138543
0.11454753722769954
0.1144618803427739
0.11454753722767826
0.08051580467809902
0.07357061616848465
0.11454753722770075
0.045621556332588575
0.11454753722769942
0.1145475372277956
0.07180460949807321
0.11454753722774688
0.11172658832680789
0.11454753722785029
0.11454753722756462
0.11454753722758108
0.1105602937300151
0.02913112668951278
0.03307955032889356
0.06813227063614342
0.1054139926214741
0.11454753722758514
0.11454753722775289
0.11454753722785851
0.11454753722775399
0.11454753722759825
0.11454753722774368
0.09894151734358528
0.10780411867620683
0.11454753722756206
0.07641436211809859
0.06797562681217299
0.11454753722786924
0.0515489876539171
0.11454753722770221
0.11454753722759084
0.09491386384259021
0.05839514564488688
0.11454753722772983
0.11454753722780722
0.11454753722768102
0.11454753722766182
0.10299714998347352
0.030528819426787448
0.11402989298615858
0.055598920487572215
0.1145475372275642
0.11454753722777182
0.08654271107239282
0.11454753722738267
0.11454753722757423
0.11454753722758546
0.11454753722738557
0.10794379828465563
0.11454753722773883
0.11454753722791168
0.11454753722760956
0.07796077964409985
0.11454753722758566
0.11454753722759957
0.11454753722768883
0.1145475372276499
0.10963310539784198
0.11454753722777833
0.029131126689462734
0.11454753722778094
0.11454753722763922
0.11454753722760376
0.11454753722763492
0.11454753722761433
0.11454753722765922
0.009300565020939363
0.1145475372277958
0.11454753722789265
0.11454753722763784
0.11041385128344194
0.11454753722769516
0.11454753722759632
0.11454753722772086
0.1145475372279003
0.1145475372277502
0.11454753722760479
0.10657819191487916
0.11166792862910009
0.0032960103920234296
0.10506658289390201
0.02620021345615627
0.11260247636509972
0.11454753722758515
0.11454753722770465
0.11454753722768077
0.11454753722770283
0.11200191487729999
0.029250546695875106
0.07468323389045001
0.1145475372277806
0.11454753722770016
0.11454753722770165
0.06683695392702092
0.11454753722769995
0.11454753722765913
0.11454753722770109
0.11454753722757231
0.0854431534805132
0.11454753722770265
0.11454753722770179
0.11454753722752933
0.11379549943735406
0.09750731156956642
0.11454753722762905
0.11454753722758455
0.10095410743717374
0.1079564476513489
0.09327723970648352
0.11454753722771199
0.06622233709243719
0.1145475372277057
0.11454753722770315
0.11454753722765629
0.11384695594154809
0.11454753722770088
0.11453773915886538
0.09660507436917028
0.11333677952246338
0.08738063434474697
0.11454753722770203
0.11454753722770292
0.11454753722776746
0.07676854212907125
0.11454753722756472
0.11454753722758897
0.07620821117988419
0.11318762862696564
0.10440980203004031
0.11454753722756186
0.11319363309825285
0.11454753722766411
0.11454753722770199
0.08946694444124303
0.028523823561682496
0.1000331616714113
0.044983415051865455
0.11454753722760837
0.11454753722759434
0.11454753722770351
0.09013444055713006
0.07642475574481108
0.10630813575422868
0.09975076593660512
0.08632063873163714
0.1145475372277049
0.10641877737688236
0.11454753722765126
0.09874851818738345
0.11454753722769728
0.11454753722780252
0.11454753722757718
0.11454753722770157
0.11454753722772776
0.11454753722757464
0.09616194605019916
0.08028798867121643
0.11454753722769995
0.10577860312229714
0.10947355369971751
0.0661496519952823
0.11454753722757306
0.06182637245768474
0.11001619917575646
0.11454753722758045
0.10817263454159916
0.06508889172379838
0.1145475372275721
0.06292317556628214
0.11454753722758514
0.11454753722775916
0.11454753722756257
0.09852006409740302
0.11454753722759993
0.11454753722762813
0.07604367069069852
0.11454753722758197
0.11454753722770285
0.10596802852802994
0.1145475372277002
0.11454753722767606
0.11454753722756005
0.05839760915129136
0.11454753722769953
0.11454753722762039
0.1145475372277031
0.11454753722779651
0.1145475372277276
0.11311343364765136
0.11454753722760627
0.11454753722757513
0.10519104955931827
0.11454753722771256
0.11454753722769906
0.11454753722778999
0.11454753722770203
0.05904735412195594
0.11454753722770475
0.08058077716011276
0.11454753722767812
0.11454753722781215
0.11454753722761647
0.11454753722778707
0.06201980466679345
0.11454753722770221
0.11454753722778782
0.09604990442467981
0.11454753722770301
0.10898710127577804
0.11454753722761153
0.08294394717034037
0.11286712626822278
0.11454753722782611
0.07458162503200975
0.11454753722770412
0.09459512360885582
0.11454753722770047
0.11454753722772189
0.11454753722788177
0.1145475372275781
0.11454753722758783
0.11454753722758296
0.11454753722760921
0.08435148069885805
0.1145475372276971
0.1145475372276073
0.1145475372276834
0.09654715240385292
0.11454753722779074
0.10847138713185994
0.1104138512834341
0.11454753722770036
0.08243838505287188
0.11454753722770171
0.11454753722757824
0.11454753722770818
0.09742351351833205
0.11454753722770136
0.11454753722770472
0.11454753722755344
0.021404678430770648
0.08006531054909365
0.1145475372276458
0.11454753722769963
0.09703469360927405
0.11454753722782794
0.1145475372275709
0.060836977661862045
0.11454753722774737
0.11454753722777886
0.053313606305641054
0.08951925099667511
0.10304761691037032
0.11454753722759797
0.10358236848568271
0.05839760915136828
0.11454753722758891
0.09988100410433835
0.11454753722766418
0.10777087402195883
0.08782410410389695
0.11454753722775057
0.11454753722761717
0.11454753722761966
0.11454753722769337
0.06843453637185973
0.11454753722776076
0.11454753722762397
0.11454753722764988
0.11454753722759162
0.10012213539393608
0.11454753722768977
0.0978359808783345
0.11225118051458295
0.1145475372277041
0.06423961083689034
0.08052950706669693
0.11454753722773037
0.053609798836310146
0.08470987820181118
0.1145475372278712
0.09076233639159617
0.10986532567360356
0.06733374769115247
0.053106556540598766
0.11454753722780206
0.050861148790412765
0.08203742793822477
0.1145475372276313
0.11454753722758408
0.11454753722770127
0.0906641543986234
0.11101489529271868
0.11454753722755294
0.08333313235431092
0.11245865846290216
0.11454753722765043
0.07874479030375876
0.08399344813780116
0.11454753722770063
0.10682085209332484
0.10605841388069352
0.11454753722777518
0.11454753722764373
0.11454753722772114
0.1145475372276903
0.11454753722758237
0.11454753722757924
0.06453483644062945
0.08825456808339019
0.11454753722770461
0.0717809334711103
0.111552638651058
0.09797743046347926
0.11454753722764152
0.11019596054583058
0.10952117374032558
0.11454753722780828
0.11261866653461305
0.10565852012359576
0.1145475372276742
0.08207487698173106
0.11454753722770161
0.1145475372276998
0.11454753722759897
0.1145475372276566
0.11454753722764531
0.1138349739031738
0.029250546695857582
0.05356287947522468
0.11454753722774592
0.11454753722759155
0.11454753722755871
0.11454753722770111
0.11454753722760176
0.11454753722774073
0.11454753722758476
0.07410126936824214
0.07332434447091145
0.11454753722770328
0.04539751265342363
0.11454753722770604
0.11374889253525795
0.029250846224699076
0.09715940511875559
0.029250546695871554
0.11142405066324067
0.06262084130609928
0.040938846114790484
0.11454753722770153
0.11454753722765385
0.11454753722759775
0.10532382191486636
0.11454753722770182
0.029131126689502847
0.1145475372278647
0.11454753722787749
0.11454753722769878
0.10838057030788247
0.10195169107067287
0.11454753722765314
0.11454753722776535
0.11454753722784179
0.11178597577215767
0.05839514564495791
0.11454753722774164
0.10050612183858405
0.11454753722776424
0.10070007224954963
0.11454494776841272
0.08032023265424755
0.11454753722770085
0.11306750556455349
0.11454753722774505
0.04521411120186529
0.1145475372277019
0.11454753722788003
0.10117925287824282
0.11454753722777147
0.11229566179745708
0.10405009978929128
0.06628075222030519
0.11454753722770417
0.11454753722768672
0.1145475372277017
0.1003192623448874
0.11454753722770143
0.1077027143847954
0.11454753722774676
0.029131126689516278
0.08132198084923233
0.11454753722770265
0.08874962898265319
0.11454753722757431
0.08341900882723684
0.11454753722756604
0.11454753722783337
0.11454753722777511
0.11454753722775501
0.11454753722770059
0.11454753722757285
0.1145475372277113
0.09374035026082503
0.11454753722769824
0.11454753722781402
0.11454753722773627
0.11454753722756843
0.11454753722781555
0.07799038200620363
0.10431275327665197
0.11454753722769942
0.11454753722769993
0.11454753722789263
0.09354019155218996
0.11454753722785482
0.1145475372275844
0.11454753722758503
0.11454753722778196
0.049107477377267124
0.1145475372276696
0.05839760915130312
0.11454753722770603
0.11454753722770065
0.11454753722760706
0.11454753722756464
0.11454753722769986
0.11454753722767069
0.11280233811620333
0.008205945929567493
0.1145475372277005
0.10469139933050442
0.09060878650958086
0.10475525805934763
0.11454753722756829
0.10794270242100375
0.114547537227635
0.11454753722771245
0.08817583423178048
0.08334890707049174
0.11454753722770453
0.0975351907715489
0.09101297041450158
0.11454753722754825
0.11454753722770324
0.11454753722760666
0.11437557690311602
0.11454753722755721
0.11454753722758121
0.11454753722758787
0.05978080244567044
0.1144180738102704
0.11454753722770546
0.11454753722782704
0.11454753722758682
0.1145475372274763
0.11454753722759367
0.09798463685782421
0.11454753722766163
0.10519635674412342
0.11454753722788899
0.11454753722770002
0.11454753722774492
0.11454753722770733
0.11454753722765819
0.11454753722770031
0.11454753722761564
0.11454753722773965
0.058397609151298116
0.10068241057292603
0.11454753722757036
0.08185360860408673
0.11454753722763836
0.11454753722769946
0.11454753722769823
0.11454753722770385
0.11454753722770226
0.11454753722761356
0.11454753722784977
0.11454753722763775
0.10306630920478431
0.11454753722770271
0.10480953923864898
0.11454753722765365
0.11454753722782213
0.11454753722769977
0.10716350674305766
0.1145475372275747
0.08274935416010035
0.05488294365726339
0.08555142610080077
0.11454753722787693
0.11454753722779576
0.11454753722770311
0.08781559501688281
0.10973430731412787
0.11454753722773986
0.11454753722770032
0.11454753722759226
0.08531106692782162
0.11443745979090793
0.10295347132147935
0.05839702251191694
0.11454753722773459
0.11454753722775682
0.11454753722778367
0.04240086565264716
0.11454753722756685
0.11454753722770022
0.11454753722767809
0.11454753722758722
0.11454753722770164
0.11454753722770201
0.09350333805144974
0.0618016437767994
0.0875211320008831
0.11454753722770122
0.11454753722778466
0.025488394661731084
0.04058806099057669
0.11013956131347644
0.1145475372275711
0.08418415265453458
0.11388870784056149
0.11454753722782325
0.11454753722770407
0.11454753722789418
0.11408577761627749
0.10476794741972968
0.11454753722770199
0.1145475372275923
0.11454753722757383
0.11454753722768549
0.06824932199610936
0.04473631619861552
0.11454753722756618
0.11454753722770644
0.11454753722769799
0.1145475372277245
0.11454753722772151
0.11454753722774318
0.10616397599114037
0.04042279166036807
0.10034661321401876
0.08840535425256961
0.08679582456016359
0.05722325054726006
0.07420975981112674
0.11454753722755077
0.114547537227585
0.1145475372278008
0.11009043833635769
0.11454753722769959
0.11454753722758322
0.11454753722778838
0.11454753722761997
0.08656397739313046
0.0183693711218119
0.11454753722770115
0.11454753722770482
0.11454753722769946
0.11454753722753133
0.0389284107302259
0.07553346544563092
0.08239488726763759
0.11454753722770178
0.11185533189002764
0.0898552935916661
0.1099862734215614
0.11454753722775948
0.11454753722770032
0.11312884100470011
0.05629570000022649
0.04441949540612005
0.11454753722780357
0.11454753722762295
0.10631459692049537
0.1145475372277921
0.11454753722753898
0.08233602917051774
0.11454753722779554
0.11454753722768941
0.1145475372277026
0.08226126441798849
0.11406532401209789
0.10980767124171925
0.11454753722777383
0.11454753722767139
0.07610470800425627
0.11454753722780407
0.11454753722774928
0.1142090936030695
0.11454753722758916
0.058397609151302585
0.11454753722756968
0.031375738642033836
0.058397609151295105
0.11454753722757378
0.11454753722769973
0.1112642666403569
0.09107844511373002
0.11454753722769993
0.07499252468433873
0.11454753722769971
0.11104404091537318
0.11454753722770022
0.11340332799682193
0.11454753722770156
0.06512646479581329
0.05440667579295301
0.11454753722761966
0.11454753722757996
0.11454753722783223
0.10666993777905816
0.11454753722770407
0.11319881914196132
0.11454753722759323
0.10543911074389807
0.0921217570636327
0.11046487115783091
0.11454753722758122
0.11454753722767194
0.11454753722768288
0.10941938100314609
0.11454753722762606
0.11454753722758168
0.11454753722762594
0.10370427140612724
0.11454753722769286
