468
0.1889848624039818
0.5267429213855688
0.5251213667673524
0.5727376861397188
0.4737554975838884
0.401724385387289
0.5036845763154618
0.572737686139737
0.568680111254654
0.4859121089092936
0.5062380656806853
0.477570491590782
0.19324879993971267
0.5727376861397449
0.3881894806559773
0.5727376861397458
0.4379632370684695
0.05640421219980987
0.572737686139747
0.5472470210636068
0.5727376861397413
0.35054669466842586
0.500073375668052
0.5221552845063351
0.1932418149815606
0.41542917901556775
0.5727376861397465
0.5727376861397471
0.3598769556624905
0.5246672196418718
0.572737686139743
0.26296445295820603
0.526701485028979
0.5379758276684599
0.20110174870636396
0.5405470072392681
0.4857478756833652
0.5727376861397467
0.5727376861397447
0.5657415300212989
0.39582896205282925
0.19299320355855917
0.5600739182163563
0.3656181163014969
0.5727376861397468
0.572737686139742
0.5727376861397434
0.5727376861397472
0.39111269897570966
0.4210358110411988
0.572331078427507
0.4189730087626473
0.4454896683581864
0.46285762243229767
0.5727376861397477
0.4783028526580611
0.42769028306087636
0.5727376861397446
5.8882486356930976e-15
0.5727376861397446
0.5727376861397467
0.49962487055925664
0.5158751811081129
0.572737686139743
0.5468732779880795
0.5289576318949222
0.4229389509104036
0.2340521844682214
0.5727376861397478
0.5727376861397468
0.5689950682602136
0.5115000382413335
0.4335441050652345
0.5267024565689097
0.5727376861397475
0.05779566333553334
0.44183931870431226
0.21492760011217363
0.4572632211479992
0.5321003601506034
0.5704409114278177
0.5727376861397476
0.5432359160103659
0.5199001411465702
0.5432118032518392
0.5727376861397468
0.5608813416638171
0.49920708722202545
0.31845008748244225
0.5727376861397476
0.47912245586039326
0.3163353231713416
0.5074277323110454
0.5535590929958799
0.535549647632217
0.19324048157024068
0.40878339772378597
0.5727376861397468
0.22183279756251123
0.37434158680424795
0.1929932035586626
0.5727376861397472
0.19476657551456414
0.569744112641686
0.2897370768968118
0.437797935348771
0.5727376861397472
0.4133115075048034
0.5283020375956524
0.5727376861397445
0.5727376861397462
0.34775826174909047
0.5727376861397436
0.49840141591511566
0.5727376861397421
0.5727376861397475
0.1592498730240867
0.35146601949777306
0.5727376861397453
0.5033376772376884
0.5679395637013496
0.39928259119860116
0.3651044452325929
0.233467636092802
0.5689673280877209
0.5727376861397455
0.3564250125240439
0.5727376861397477
0.5544507661422459
0.5486189881549588
0.1448524761128685
0.16463589785641913
0.3389587337115915
0.5230928507413366
0.5727376861397464
0.4908856271061477
0.3996173041234645
0.534953038911483
0.37912351602609395
0.3372419051234579
0.5727376861397451
0.2548266056801662
0.47095658058798834
0.28972469832031056
0.5727376861397467
0.511098910927319
0.1509504615039089
0.5657810994332257
0.2755974617152688
0.42980171061753947
0.5727376861397235
0.5727376861397372
0.5356431139684443
0.3563153684655796
0.5727376861397445
0.38753266078691895
0.5727376861397474
0.5440058311310464
0.5727376861397475
0.14484440648861693
0.572737686139747
0.04711532918665133
0.5727376861397443
0.5478941298626223
0.5727376861397447
0.5289758251476454
0.554116781679665
0.015526738006423603
0.521356796079187
0.12261153736375933
0.5587427659993031
0.5718612349011926
0.5557640532121694
0.1448453682700217
0.370495773591795
0.5686849807918978
0.3314710694359322
0.42404305755519006
0.5727376861397411
0.5646354176262298
0.48383269335761114
0.5009269169843337
0.5356904410304966
0.4628238481791036
0.32827258883554666
0.5727376861397467
0.564906963654716
0.5696748777223767
0.5683232701940454
0.4793832420820803
0.5623536813498832
0.43353943491185
0.3809574455644194
0.3779820559013227
0.5615919077573132
0.5180694103062827
0.5616605537613553
0.4440508454783574
0.1412116526130719
0.49632956956964347
0.2222905695592401
0.44697244633847677
1.2261599393025837e-14
0.37903305154988987
0.5275304870891129
0.49496549014737545
0.4284147989750941
0.5280692690031297
0.4900081565147942
0.5727376861397471
0.4771534206219156
0.3982628029716724
0.5249037732591092
0.5432322959172522
0.32832809893927684
0.30673622184438754
0.5459224084071054
0.5367884633966302
0.32296081978951025
0.3119448399965532
0.4888365180044565
0.37779790551875536
0.5258448374035789
0.28972555546140283
0.5026878338945853
0.5727376861397477
0.5612510991460501
0.5219840560029368
0.5727376861397466
0.5727376861397427
0.29295286169306184
0.39972892049627934
0.5727376861397474
0.3497089472928991
0.5727376861397474
0.30729933157502964
0.4765785354640129
0.5408160575698242
0.4116442159892291
0.5600544988663582
0.5727376861397458
0.370063068188739
0.4692941616043348
0.572737686139745
0.41869390452247074
0.4790283852556747
0.5382617593281439
0.5478929869147571
0.40889972838672395
0.48343041874624065
0.10564263174113593
0.39725360025091144
0.4816541566771534
0.5727376861397467
0.3015193544453205
0.5727376861397478
0.26457967040345187
0.4441497009010804
0.5113470619148044
0.5140003380402728
0.2897337509989493
0.495824418508225
0.5347839489490672
0.43561421593567934
0.3392893154270991
0.4967879810082566
0.48539807023429044
0.557000955188272
0.3187858862253106
0.3995586672981521
0.2660045593980812
0.4190383800112315
0.5727376861397423
0.45028684546391967
0.5451287110717687
0.33388589270763747
0.26365968656478816
0.5727376861397468
0.2523091032233658
0.5305819064523215
0.40691151509948326
0.44983518078280754
0.5508739248076915
0.41339722561373543
0.5580071200765188
0.3905865611648537
0.4170537285235592
0.5300744755187266
0.5263299719511125
0.41021145632626776
0.3202025289053076
0.4378760649241992
0.3561105488769746
0.5535469019962146
0.5727376861397436
0.4862040084970705
0.5467994324373103
0.5434628959019097
0.5727376861397463
0.5588254632697929
0.524296381538138
0.4071971668561966
0.5648456639658366
0.1448290846594587
0.2657026017331178
0.5727376861397434
0.3684572535450682
0.3641583731287626
0.2249655519903333
0.5644121783978149
0.14483895746699252
0.48218186631561355
0.1448290846596159
0.5528846046506503
0.3112551768255283
0.1970438227250454
2.5015762844440154e-15
0.5226193291250274
0.1448561989413753
0.5727376861397452
0.5727376861397451
0.5378135416553198
0.5058983494661626
0.5727376861397458
0.5546893748146399
0.2897281042115771
0.4987299321121256
0.4996548551500811
0.5682701360681779
0.39908469376380273
0.5611700582876488
0.2245086657071906
0.5727376861397443
0.5026589065117103
0.5727376861397477
0.5571991241676305
0.5162612450090686
0.3287947876277422
0.49780151403048456
0.5344273496006052
0.14485688191201412
0.40363606033736354
0.44036957643274516
0.41391258538004155
0.5727376861397455
0.4651119528497581
0.5727376861397471
0.5727376861397477
0.38685851955362816
0.5176261752693824
0.572737686139743
0.4642065605656003
0.5727376861397444
0.5727376861397478
0.2436159516490374
0.2897319373717963
0.5597076499428003
0.03987711776339492
0.5195013080221037
0.44952237995465555
0.5197899259535939
0.5356396684971467
0.43715636452414186
0.4135628803866219
0.5712737721833444
0.4822597191801625
0.45154025514780727
0.5727376861397422
0.5705598100359504
0.5674729525631949
0.29662648763285476
0.5677151061421358
0.5701226277731739
0.3859188031106576
0.5727376861397457
0.48621006448134985
0.5220023954892182
0.5727376861397455
0.5712149222965699
0.2897373725441708
0.4996072530154066
0.5727376861397384
0.4061083500371761
0.5727376861397457
0.5113479753422362
0.5200190469164909
0.5727376861397465
0.5317535881031739
0.4107288988234957
0.27241507095431383
0.42433223749538196
0.5727376861397454
0.5727376861397477
0.43558680887298135
0.544513713151483
0.4232700760370591
0.5678154212651988
0.5108382716835159
0.2897282701690372
0.21049525208854142
0.48245824001912374
0.4639532562440914
0.30664361914493504
0.43440843024593506
0.5727376861397473
0.13001574352727682
0.20171601635817518
0.5464995114361905
0.4176959450141496
0.5650910600238526
0.5727376861397475
0.5727376861397435
0.5660864516110755
0.5198843505853552
0.3388041474117842
0.22112385069763105
0.5727376861397426
0.526798328908899
0.200445130543175
0.4979378240977343
0.43863615378138465
0.4306438941992382
0.28466906150467924
0.3679710981301591
0.5727376861397476
0.5462761699638587
0.5727376861397439
0.5727376861397474
0.42954989821410944
0.08215178431153831
0.5693490176225865
0.19301426121111984
0.37454724323344046
0.40715057580168235
0.5550381523437403
0.44580148885500015
0.5457698307004527
0.5613419025137107
0.2789334970218142
0.22024929391732073
0.5727376861397471
0.5275738665022485
0.40837443682650354
0.5727018823078758
0.4079915982508943
0.5659847346552459
0.544876697170771
0.3777851996475573
0.566691254038062
0.28974086020380435
0.1559500781261406
0.2897316084716191
0.5520989582546467
0.45185657745616176
0.37192712951841106
0.5510190693807375
0.5627070549640132
0.32290436540387213
0.27602457930144686
0.5727376861397466
0.5292882941505508
0.568521026450134
0.5616432258656138
0.5232214927571516
0.4571190184394034
0.5481483654099023
0.5429601992218122
0.5145678846875512
