724
8.966809135297789e-16
1.1726579415053123e-15
0.5727376861397393
3.685134987492125e-15
4.3396259016508696e-15
1.8060728748329682e-15
0.09387109406272963
2.8715628823870055e-15
0.07708812051514247
0.5727376861397424
2.266090322879342e-16
1.287495982699863e-15
0.22664522905029594
7.355185027602733e-16
2.2496124186521722e-15
4.078300975059432e-15
0.41593461335367515
0.32989564166948526
0.5164805239954741
1.4582211422844872e-15
8.449861057482257e-16
2.054583527587e-15
1.4381565505546748e-15
0.5727376861397453
9.15961667297242e-16
3.07896788213354e-15
4.2102020994403214e-15
1.2831918303687644e-15
2.1850574870743497e-15
5.992754294623321e-15
3.466552844355244e-15
1.1176015608171735e-15
0.22664511693837805
0.03688584214108184
0.20337437194353425
8.903806695713457e-17
0.3880764366548778
0.06189510853003433
0.15380692401865947
0.02591697023221475
0.5312916258822132
2.6685655348727705e-15
1.594784098629146e-15
1.9824751698952715e-15
6.175879450062794e-16
1.2952932599077472e-15
1.439839638666717e-15
0.2708237238659646
1.4145413205509648e-15
3.8489992652530966e-16
2.305985212002339e-15
1.1490009140971842e-15
0.2128227478304387
0.5727376861397395
0.5727376861397421
1.3110495690730702e-15
0.5727376861397392
0.057813404740843725
1.3879983573387262e-15
2.2836875292278463e-15
4.154469560166807e-16
0.5727376861397437
1.1667983384578292e-15
3.8948480450619575e-16
0.028713596997328544
0.31430390036544964
2.1605060670372175e-15
0.362339358591587
7.561421983772111e-16
2.4739050821819077e-15
0.5272616442090462
1.642878776673318e-15
4.3928062078630697e-16
3.4051760265476486e-15
2.0876591636734225e-16
2.639627538547797e-16
2.087391846408645e-15
1.8607775310113862e-15
1.792817429303606e-15
1.0443194247302148e-15
8.680435521004774e-16
9.502324074756465e-16
0.4507633888539434
7.372884374310871e-16
2.8519594427501056e-15
0.5727376861397416
0.20258797408017987
2.673270035476095e-16
0.39831211870039834
6.862406958227185e-16
0.5455237173885976
3.0412824145163616e-15
0.4885818121129989
3.801612794628321e-15
0.10381398734767253
1.4273860825552276e-15
2.469709959414963e-16
1.3221694633604937e-15
0.3645875623902723
0.10925599815787149
2.428146097213981e-15
3.246382182649858e-15
4.3773947623246775e-15
0.5727376861397419
7.682052099141899e-16
0.3770733367884104
0.46110274132491663
0.12021311370448746
1.4479469744469574e-15
8.556105619389374e-16
5.141448423659179e-16
4.275482191116086e-15
1.1903873336024466e-15
3.573118020493891e-15
0.3955511114925291
2.541484048193042e-15
0.040924836327061336
0.3144215022610383
4.900627602106635e-16
0.42090443431037194
2.850729344587793e-15
1.571726619547921e-15
2.9382899160392638e-15
6.636023618453786e-16
1.9690986037863722e-16
0.21787101955669025
1.4965978207252295e-15
1.102543570156561e-15
0.4044295831136347
1.1322674036029848e-15
7.946896260765335e-16
1.5543393425950126e-15
4.2286085962568903e-16
1.267309525256057e-15
1.4010083961372e-15
0.3181186246431728
1.9897182015701577e-15
1.5471602106559097e-15
3.3689591176732516e-15
8.154617757167292e-16
2.16197637568709e-15
1.4695890229377997e-15
1.1118679723225468e-15
0.3114433776562167
0.15052688944401532
0.2266582084637937
2.3154279605937906e-16
4.7349016012842e-16
0.002356618872947694
0.5727376861397452
3.7145112181381986e-15
1.2806025349674114e-15
2.116830964353685e-15
0.42156621947340045
1.186046645468256e-15
0.5727376861397443
1.5380484716441793e-15
1.6412695769587693e-15
0.5727376861397411
0.14092972951130217
3.962507665560675e-15
1.3948969696461933e-15
8.51587360671627e-16
1.625959432414912e-15
1.4191819503802017e-15
0.5282183111550515
0.4214817361810327
2.7912726440877163e-15
8.846611389042223e-16
2.5576469061038702e-15
0.5727376861397341
0.30084307694203294
1.681090620517826e-15
0.3224708478807601
3.919588048106754e-15
2.74774917237314e-15
3.5899771334267964e-17
1.50946693078336e-15
1.53730179024348e-15
1.6380830764740002e-15
3.580967227654428e-16
7.976986002343905e-16
2.389603698959436e-15
7.4969762831141e-16
8.318602735788704e-16
9.835687328598191e-16
5.783139377672458e-16
0.10268903423106922
2.068923558082028e-15
3.57181122230971e-15
1.941328937104945e-15
2.6453000421350167e-15
2.797464095517814e-16
0.26292244619822136
6.204416253483405e-16
0.23308560404719122
2.42065240901121e-16
1.5537878898958145e-15
0.2948732357864367
2.145820823645506e-15
0.1676396770555896
1.7255472732027422e-15
1.436069023201694e-15
9.483749496493754e-16
8.249276274651374e-16
5.148473245097849e-16
1.5541686822925675e-15
0.15351176018975696
5.584202521863547e-16
4.043458679931323e-16
1.8119476379566154e-15
0.14396768410056127
4.465020317959928e-16
5.926181362950973e-15
8.496802205344694e-16
1.8270151852833533e-15
3.836241393813761e-15
0.06733535881207517
1.677075370927149e-15
0.019444877448853468
2.9967797735860092e-15
3.870234629077514e-16
0.3783552167239287
0.5727376861397425
1.146363936257422e-15
8.867276622032628e-16
1.8541736777648096e-15
0.3964462774189034
3.3412299786645256e-15
1.2902452980723662e-15
0.20836114227744754
7.47024727309375e-16
2.4785296055032543e-15
1.846687495100475e-15
4.2205540988689094e-16
0.12752335096190875
0.233062869151406
1.9092785678324816e-15
1.6841380329202766e-15
0.5727376861397343
3.2210047530311306e-15
2.598569680615024e-16
5.641163597060724e-16
1.9350007789493772e-15
1.9737949054906916e-15
8.154892000268921e-16
0.03110053392085999
5.963344678542883e-16
1.655155962774563e-15
1.967630025449614e-15
0.3844494896688738
0.0009666538975004363
1.9289507585248534e-16
8.97012515940827e-16
3.023416174534364e-16
0.15329635304959174
0.1381030544482768
1.498302847189207e-15
1.6034319572043933e-15
5.754656851973017e-16
0.0985039847087049
9.335842696366486e-16
0.3402546497763724
1.4533119679245164e-15
2.009873777470309e-15
1.2362251204661482e-15
0.0627596543145991
1.2460353327592941e-15
0.5332792990085026
1.7421432657660296e-15
0.5727376861397413
1.359494969460843e-15
2.433214766736726e-15
2.7159851239311086e-16
3.408489108380108e-16
1.6100995838476153e-16
1.0272386517174458e-15
3.291082221546258e-16
5.848018463167352e-16
2.0225196586402926e-15
2.4629377106361072e-15
1.0903399432325866e-15
2.2705599385384517e-15
2.1377791056563165e-15
0.18988579507947403
1.7418030024697492e-15
3.334009311504721e-16
1.2465340395156534e-15
9.502137111462473e-16
8.274867777340771e-16
2.471045586429294e-15
3.6521321439174265e-15
2.416527153484961e-15
3.2628414974345148e-15
2.060985074521936e-16
2.735321102278225e-15
1.3401744325066788e-16
0.05686151727688108
0.13283056566223164
0.2374794287442273
2.6457738818660813e-15
6.624550701551274e-17
1.1337260104004807e-15
0.39950850287267325
0.09328009917061475
0.2571811396627137
0.13707308222186448
9.917341953616447e-17
9.644516323947106e-16
1.2870251789404758e-15
0.26134533573986146
2.8457339859522997e-15
2.486962196351875e-15
0.24262711898228626
0.5340128836419448
1.0794939436406992e-15
0.37017081364637355
1.708632958861221e-15
0.3734949816792442
1.2861581506948176e-15
2.6474414887837225e-17
1.7558180168401744e-15
0.2257800743642397
8.016755211815778e-16
0.43408669183882637
2.4761892792073365e-16
4.302835162433613e-15
1.4034789334637862e-15
2.2811753965003773e-15
7.692978116701046e-16
1.2681588815142377e-15
8.373098022485243e-16
2.6870322628202667e-15
1.9314174063043833e-15
0.04073190382359027
1.3572422862309093e-15
4.683377587382186e-16
1.9307730741073686e-15
1.1484595493365473e-15
1.2236211132896318e-15
2.8512536597840427e-15
0.13287879583936937
3.2593141398750927e-15
0.3101707408133573
3.2524969872543215e-15
0.16098260858253885
1.5728637317561363e-15
1.7062280038456161e-15
0.5067261459203869
0.34582032174218086
2.209784488274826e-15
5.077944494201183e-17
0.2288496590134483
0.5727376861397336
2.1468696657416205e-15
2.3522408055980165e-15
2.609120257804862e-15
1.5200212049628119e-15
1.081291335262546e-15
4.910240518866412e-16
1.2116482471783571e-15
7.60493359947172e-16
1.2722893721482906e-15
1.531376767816801e-15
2.55037239914447e-15
1.4007638323727814e-15
1.509676317948668e-15
0.24670418901825056
9.685716103062598e-16
1.0042598679122878e-15
2.0642559936388257e-16
1.0719426164401344e-15
1.9390087808072052e-15
8.457637020409175e-16
2.4025109355260202e-15
9.45163260329254e-16
0.47934190003880456
1.809365948788368e-17
3.4539495906175193e-15
0.05351532626695739
0.19567459175773982
3.517963823218567e-15
0.5727376861397467
5.291975049290446e-16
9.076343716118824e-16
0.5727376861397421
2.9027926790641565e-15
0.13844586174756746
1.6581171955648437e-15
1.5502659153102051e-15
1.0413408535318584e-15
0.22657333889012335
3.925993777377869e-16
2.31371813716914e-16
0.40792313363683974
0.572737686139742
3.631768653711253e-15
0.2790310847134136
2.914098896954524e-15
2.3827542270564483e-15
2.0252472845448363e-15
0.4398609042931748
2.3195819899724657e-15
3.150331164322962e-15
1.6361294624836184e-15
5.533222351819521e-16
2.1186313594484995e-15
5.322543810655495e-15
0.572737686139741
0.5474189362968863
2.017956345358895e-16
3.543832107521778e-15
7.361403392881926e-16
4.246930948624385e-15
2.6571074417973702e-15
1.0349701241158373e-15
1.6033552191439664e-15
3.149975244963101e-16
0.36755246994846935
0.5727376861397339
0.1798303247255011
0.20954804325302587
1.238932489311534e-15
1.5336522307930012e-16
1.9154684232869714e-15
4.458007209117513e-16
2.5504187104050607e-15
2.435159479550115e-15
1.516674218540593e-15
6.4049044740703215e-16
0.08338457585504565
7.378534600810762e-16
6.315890120593567e-16
2.377104949553491e-15
2.0681018130744019e-16
1.9800024102503476e-15
1.2137513745098687e-15
3.5066387861824685e-15
2.17556216967787e-15
0.25897762713471295
2.6726502195698354e-15
1.8107920190147025e-15
2.3620468166987774e-16
2.0744413758129933e-15
7.62913386432819e-17
3.4990164010703116e-15
1.918651399728201e-15
8.461358808024904e-16
1.5497644016889671e-15
0.5727376861397414
6.736636158586356e-16
5.573234944802003e-16
0.1908485097752721
2.68697235696611e-16
2.4241304372239402e-15
3.3130297657900384e-15
2.6434664394266785e-16
6.749951645169009e-16
1.2161726213452588e-15
1.876716275895093e-16
9.229977399715651e-16
6.138929947405598e-16
2.1509081597480146e-15
2.1288490819781154e-16
1.098106776316104e-15
9.879303188309703e-16
0.24893724097294806
1.2531948985726685e-15
0.2990078672597902
3.208132001946887e-15
2.5969801245454467e-15
0.34027144510427265
3.1687432644777825e-15
5.749855338606893e-16
5.384190216031308e-16
2.382689536064578e-16
0.5727376861397406
0.19047033173703704
0.11871803078759575
2.7196150555224933e-15
1.825046205600777e-15
1.1410117406202366e-15
1.244484728547437e-15
0.04060604029642628
1.036479607801408e-15
3.098302145824157e-15
0.35067521150124054
1.7080420689905362e-15
0.3402644927040824
7.837800094181569e-16
1.6574024233196487e-16
0.5727376861397389
6.596325743698664e-16
2.7452746440666735e-15
2.6405655916964632e-17
3.218581133250555e-16
0.233094316506101
2.4047767048222284e-15
1.98810802644878e-15
0.18431974609389803
1.533679180668375e-15
1.866035874920495e-15
1.7700412077570308e-15
1.897529516007599e-15
2.1858800423592383e-15
5.0802551541786565e-15
3.466597973467913e-15
0.13345658854975986
0.5727376861397424
8.962194116530834e-16
1.4964359823563451e-15
0.2778717065314712
0.2964433834090737
4.0597197136581805e-16
0.27779994746656983
0.010556730014941989
9.747850791574154e-16
4.046106833274364e-16
6.55588811636215e-17
9.332972277633382e-16
8.379205717532036e-17
7.193458173855906e-16
0.5727376861397376
1.0819493102149633e-15
0.3450127922150618
1.5808512696827809e-15
0.23457604629501505
2.3323695497236125e-15
0.45921992498817293
3.6055119418600825e-16
0.41507895834147823
4.98139500478842e-16
7.890246203320732e-16
0.5504144362448955
0.2754112338157374
4.797243975444203e-15
2.6076401500634854e-15
0.25242151631184356
2.0793475742989624e-15
0.19208134695069634
0.07251807560777708
2.4983362574069217e-15
0.0904484386929451
7.819149876505064e-16
5.072648467583599e-16
1.2358651633471228e-15
4.097856588892718e-15
4.736477888385574e-17
5.66330979244915e-16
2.631900226083196e-16
0.31774319641309984
8.080450810781858e-16
4.942839107703097e-16
3.3186148505645366e-16
0.29058225276540367
0.3162126889739118
1.0861282627817863e-15
1.5213048543934596e-15
0.08347576605682476
0.572737686139739
1.1938480846178204e-15
4.475205906113941e-16
9.742805571303033e-16
5.963253884907109e-16
0.5727376861397404
8.347401265554656e-16
2.6882378398064716e-16
1.926308318215029e-15
4.1578980001511017e-16
3.410962535614516e-16
0.29843171071672037
5.009045530646845e-16
2.5549937709661103e-15
0.05328337661454311
2.3720139510541814e-15
5.06119673207378e-15
3.0036732310434898e-15
0.40377257949600615
0.4308733595318344
1.943558377450336e-15
1.1754949877779983e-15
0.15535143281689096
2.4401276140854772e-15
1.2275926472936971e-15
0.22259912557531306
6.854017725057984e-16
0.5727376861397432
2.115077479304263e-15
1.8522161841866823e-15
0.2905931461242713
1.4579003552477876e-16
0.16260567838648576
1.3820566916116671e-15
4.595496286679422e-15
1.1396655088206297e-15
4.979527646263388e-15
4.021941052614176e-16
1.063809534344627e-15
1.1782842143857903e-15
0.3800347365925079
9.700179570640641e-16
6.42783684040136e-16
6.166860588375737e-16
7.999680229189852e-16
1.3144220843699403e-15
0.09129332959537059
3.113454211278347e-16
1.1707853821959518e-15
3.3263788109732194e-16
5.79107822606305e-16
5.706784981946662e-16
0.4847653313090571
2.253232734014986e-16
1.7750449036849447e-15
1.6641226147949455e-15
0.5727376861397402
4.837051129505584e-16
1.4391816353271053e-15
1.480901128325759e-15
0.5727376861397405
0.28909334026399647
9.198191883505707e-16
2.2048750547652394e-16
0.31561095510131787
8.757020788567975e-16
5.7134511649916495e-15
0.022397282031910257
2.0893800899013025e-15
3.6949032917901506e-15
3.9665754212945627e-16
2.1046123876895314e-16
1.931562746098543e-15
1.4822338408392795e-15
0.17310999118826148
5.143703129783178e-16
1.4022462445258316e-16
1.6278810815915509e-15
1.7617914839533996e-15
6.305544872084177e-16
0.24997530769736967
0.047126509335153305
7.407797678265509e-16
0.3908650319938753
2.322830809939586e-15
7.297808111296524e-16
0.361008100948413
2.1022478991882985e-16
0.08123160897571159
1.2507629631079914e-15
3.756459739713297e-15
0.5727376861397405
1.873268349368482e-15
2.1450265061767504e-15
2.8547739016410276e-15
3.3690501054957656e-16
9.04397062123508e-16
8.594125772098925e-16
4.193791992052041e-15
2.3880353803858256e-15
1.9088230854716966e-15
4.975043434890783e-16
7.469315130827062e-16
4.713615610143231e-15
1.3224327801562897e-15
0.4198431924274353
2.8441304906878205e-17
0.5272381561044546
2.8662144771881547e-16
1.4174175301870615e-15
0.5727376861397386
0.5727376861397434
4.78346320991927e-16
4.769145657658398e-15
0.12791264977507422
1.2346402416598196e-15
1.5576588672958721e-15
4.272036678004545e-15
1.4637443811089122e-15
1.0948799263220167e-15
1.7410038344983351e-15
2.03474969382344e-15
4.5410833417255025e-15
9.412937192150413e-16
0.3322966757763431
0.2424580931202676
1.5311220701257365e-15
1.2483287948971469e-15
1.5080678600358378e-15
1.2296505414940484e-15
1.0140637062199342e-17
3.813146324554522e-16
9.668831247389625e-16
3.1422015155739726e-17
0.31012195192235864
1.515818984081044e-15
5.668285678710049e-16
2.2521577357289677e-15
3.0266951991639085e-15
0.26316519295817525
4.600878685287649e-16
0.5408424703470862
7.601591836208907e-16
0.5727376861397425
0.13741935933847862
1.1140869295800296e-16
5.17274156058157e-16
1.1572650265266443e-15
4.00768763432101e-15
1.1557526954988788e-15
2.7653834714602796e-16
1.4096835924299966e-17
1.242079373123206e-15
2.372787351582832e-15
0.17868484910647536
2.9748440280424403e-16
1.826720531722063e-15
0.007012550893833902
2.5839453414588986e-15
0.04290322321526469
2.812046988506012e-15
1.1257232452472782e-15
1.1648113756009957e-15
1.2755221079516835e-15
0.3966427923612585
