603
0.5916630907494116
2.151692997091905e-15
2.524668720937904e-15
0.09297332141488847
9.404168363078182e-16
0.8018327605956438
1.1032250551363803e-15
2.2968592441170238e-15
0.2276967261597304
8.150517563323613e-16
3.737904668384735e-16
1.7374985793485665e-15
0.41713193514053515
2.1052865263829692e-17
0.3472060589819699
0.5134137066231366
0.6348078262907777
4.009883137432047e-16
3.3192113654526627e-16
1.3331028872681628e-16
7.350966093309193e-16
3.439580286447217e-16
0.008199488058207614
2.0350728413483755e-15
3.4284929996554976e-18
0.22769522998075234
0.03444238480842547
0.20504895461511016
9.958615959293727e-16
0.35875598253728047
0.06104424699586248
0.1556645255553339
1.4095442727698236e-16
6.769743796645969e-16
0.3675991210351065
2.3324429186194192e-15
1.1096415491555251e-16
2.6251879639503873e-16
1.7358061346804717e-16
9.976400995363543e-17
0.23028285682793906
9.025615028417288e-16
7.372267726670565e-16
0.8018327605956445
0.8018327605956467
0.8018327605956442
7.035340387186725e-16
0.05960398808224311
1.8313326988340593e-15
0.801832760595645
1.1285373144062194e-15
0.3459389042438901
4.167382891988642e-17
0.22509705704716867
1.0466502983490085e-15
0.5211922758353893
2.2167173235655746e-17
1.328177427435284e-15
7.379289905270257e-16
6.128135729579856e-16
1.7536560333332183e-15
4.027870945731314e-16
1.0462590225653754e-15
5.00491775413337e-16
4.6956902116775665e-16
0.4536756337777189
1.1548138344418665e-15
0.7027950257893112
0.22539681041238666
9.732886619491703e-16
0.4807538876745492
1.2728949002498188e-16
0.5480249788156063
4.763053795315727e-16
0.49036344544512767
1.4091960823744364e-15
0.08668516671967047
2.165390993526178e-18
4.4135545352799686e-16
1.7441148487093275e-16
0.36557634061217503
0.10323480999201684
3.353349382438732e-16
1.4695132465231992e-15
1.1238464002479386e-15
0.6422021446588616
0.3794797096489082
0.5255409894072014
0.1246398491486401
4.1723551002170814e-16
3.5359698301201946e-17
4.813656021013955e-16
2.146639567257202e-15
0.4053279900509065
3.3359429232389605e-16
0.04006133321138395
0.31871062296589037
9.64794107705566e-16
0.38058251350222794
4.44185803912143e-16
1.841731582330402e-15
9.38835216939762e-16
2.537921407766908e-16
2.56807817472828e-16
0.16341113061898435
2.387301339927993e-16
1.1162379459895587e-16
0.4040246495913523
9.340010106646597e-16
6.397982961851289e-16
9.829183996212297e-16
2.372412153206111e-16
0.3202798722701853
3.8806273232336398e-16
5.228915072226661e-16
2.258574787791279e-16
3.3456734988902695e-17
1.9997878895046104e-16
0.30253603502285276
0.18654919860318556
0.2276865045553792
6.564254612336339e-16
0.667450780554269
2.622281594377026e-15
0.4239576255117431
7.961638477292982e-17
0.8018327605956423
9.685075625017582e-17
0.6397527531363099
0.15292505173945437
3.165866508928798e-15
7.675434482117556e-17
4.912344309149079e-16
5.290869805015049e-16
0.5439031284302558
3.995739496690084e-18
0.3017625610233148
1.0711444404896985e-15
0.34432438856258346
9.354938606177659e-16
5.609521459053189e-16
2.501241264095943e-16
5.397864698266899e-16
4.844620639947985e-16
7.333826005861507e-16
2.1310005837159054e-16
1.0467698068967136e-15
4.537565570971616e-16
4.4695969812918563e-17
2.361255726901283e-16
0.10267681855654055
8.369905215081111e-16
1.2836394505060036e-15
1.7564897014936462e-16
4.6870840152108e-16
9.930825090189048e-16
3.2949146490700936e-16
0.25409493749216916
6.993354763752122e-16
0.22459798406389925
1.8710213681058646e-17
0.21555075506354385
3.110455556055609e-15
3.314896178311102e-16
3.120101849266478e-16
1.2211746270488992e-15
7.059998529352282e-16
5.315714079535053e-16
4.586379532205762e-16
6.781593296326984e-17
2.546283595198017e-16
1.2218134127771387e-16
0.16406659598835807
1.0772350837930864e-15
3.2085281027624993e-16
5.973596421745405e-17
0.0307055475908296
2.593203147597079e-16
9.508890533619332e-17
3.89161958859403e-16
5.910018056354233e-16
0.3671184772536093
0.8008926525432415
7.125766412493193e-16
6.471769311180528e-17
1.4256125631905174e-15
0.38982778850338945
9.630579143764578e-16
0.21803207740665975
1.1778286136090178e-15
7.026282930004603e-16
2.81896414796767e-16
6.603672480618758e-17
0.08248544122248545
0.2246041071305059
5.1229475097589827e-17
5.443281500977068e-16
0.6481726755546017
4.817727921583865e-16
1.750124671707059e-16
1.0318786367454857e-15
6.168260053455493e-16
0.07256777101747558
5.779481540431384e-16
0.635825279093841
8.775052298714197e-16
1.1375124942506718e-15
5.3988788861172306e-17
0.15375407754086923
0.10465190132118944
1.998368785049888e-15
8.939874575032606e-16
0.09729342692801306
8.681502531568624e-17
0.21774822316979134
4.22864297483405e-16
1.277940383079109e-15
2.759005606585577e-16
0.029493601062503223
0.5250709781324187
3.207816453197738e-16
0.5706802669770479
1.3722224151421117e-15
2.3949837331490534e-16
2.0886897112572307e-16
5.511787696792356e-16
3.5862486138912564e-16
1.1369984607560175e-15
4.367409228763482e-16
8.841984865394945e-17
2.2168320051545066e-16
3.9432434800106983e-16
2.8420197569977075e-16
0.19506450218467808
6.629370666790146e-16
1.087706934373452e-16
3.5385875627285145e-16
3.841029661163931e-17
4.4293452407906214e-16
2.911179283033762e-16
1.753047857146339e-16
4.1677238872434593e-16
7.210116495005014e-16
2.4635768621081506e-17
0.15980052592313518
0.09402291342050251
3.69714805478241e-16
0.40495676621282767
1.8196204675133509e-16
0.10368998651647417
0.26300763513291536
0.13840235241118917
6.71197593173927e-16
3.832643828286397e-16
1.8731327313516465e-16
0.26324443287233074
7.8416872563524485e-16
1.077710731947816e-15
0.2600666098806155
0.6715952830308528
7.088784675468967e-16
0.365848637962924
1.6363954578797077e-15
0.34893166087622324
1.8180472117484153e-16
1.1632096354097048e-16
7.974944895003707e-16
0.2576255038860925
0.43743322022237524
7.159064879540183e-16
2.6276434751651043e-15
4.3396885231711496e-16
1.56505714437338e-16
7.046651108686184e-16
9.257148020586671e-17
1.907223834850747e-16
2.3769886425233884e-16
0.03310706555194584
2.9462033480996576e-16
3.885760827486834e-16
1.473662297045863e-16
1.1051535298646595e-15
1.487352701143238e-16
1.54625850042849e-16
0.1288677074498183
5.6895720358138e-16
0.3128528417647165
1.0631033808619621e-16
2.5596786672825644e-15
0.0776487715222522
3.0052726468386e-16
9.76063394401311e-16
0.49128154101987687
0.33264376772222665
6.18147485898062e-16
0.09865842457946081
0.686346351829813
6.424256391496954e-16
1.5743079290320333e-15
6.406853804774944e-16
2.103289721010881e-16
2.8227453199341307e-16
6.15137059758401e-16
2.9464075086711724e-16
5.495947740324149e-16
0.25474000136067854
9.617591186797372e-16
2.569886459850152e-16
1.4235903886119375e-16
3.2937162644181036e-16
9.54224242266894e-17
8.102217108477219e-16
9.724218159727748e-16
5.1662830588621205e-18
0.48271067237161913
4.891702671952918e-16
0.07134488207342425
0.1446442922422673
2.4012037559613534e-15
0.6080753916991518
3.1063039607154666e-16
0.8018327605956448
6.826822893783772e-16
0.13971767407138477
2.0348990531374975e-16
8.361025314450457e-16
5.155510886927418e-16
0.17809299574852744
1.3244678015655183e-15
3.2129359533648515e-16
0.40399242711308025
0.6065082859227218
2.0278750196559234e-16
2.290036653371046e-16
0.2677097471307438
2.3712331617736616e-16
7.632573745290866e-17
0.4469393823163597
4.4169665951654356e-16
3.0103739614743046e-16
7.477942685226497e-16
1.0530343648792882e-15
0.7229027928963052
0.550792834382606
1.1592439430461633e-15
1.2527280896152318e-15
5.076592132102625e-16
1.5084578241435283e-16
8.601375800505734e-17
2.7497985139485385e-16
0.3136564710539266
0.8018327605956317
0.18736562734665768
0.25062106897160646
2.1742253722391496e-16
6.283977515360968e-17
2.1633661158567908e-16
2.7226703022322074e-16
2.1105722865135487e-16
4.553544025330795e-17
0.08279301922245012
6.543531765044237e-16
1.2166921973173644e-15
9.577549882581015e-17
2.0715477666958964e-16
5.709165519307217e-16
1.6446874068312188e-16
4.2148718438143813e-16
3.9708482273780025e-16
0.26042124622727947
4.152979624425789e-16
2.927851396622961e-16
7.404950300615441e-16
0.0014128700889329713
1.3130366752296722e-17
1.4962118603260713e-15
1.8199518288284966e-16
1.2685285904481182e-16
7.403782037252934e-16
0.8018327605956469
3.652174752052135e-16
0.16864360581612448
1.5038778326884693e-16
7.662844611675446e-16
1.941546521912879e-16
6.549133966130072e-16
4.0587454570580573e-16
3.0656471581288304e-16
5.2069651055947886e-17
1.1437174016778472e-15
4.0430704320009497e-16
9.328670622306177e-16
0.16375962819610412
0.1494594511005248
4.558884040939426e-16
3.7627049670817027e-16
0.21775801602653627
1.2798173740350218e-17
0.6377419221972765
0.15719949768261365
0.10948051391491809
2.262466935236069e-16
6.48883646945523e-17
1.7192683953496651e-16
3.5709070256753376e-16
1.5300667342590895e-16
0.22907396151895792
0.2177455504323511
4.8462650149796945e-17
2.0817604136163201e-16
0.8018327605956457
1.238556829080156e-15
3.2366973221067613e-16
2.997033921070542e-16
2.0051866489061773e-16
0.22459538788573016
4.191707907003569e-16
7.241279825645608e-16
0.18614553479972298
7.199299546701522e-17
8.59591014663337e-17
3.9111941439692786e-16
1.5533169384838347e-16
4.235356121551309e-16
1.9911766267303962e-16
0.7483330859320136
2.316520444041967e-16
3.797162978333199e-16
0.27988784855545895
3.694021580308107e-05
0.29951417077955106
2.420245584928962e-16
0.24786955284074144
8.148619069989151e-17
4.481039403903946e-17
1.2786906324002528e-16
2.8752920011578955e-16
0.5613979283065681
6.087521584303517e-16
0.34853816666119947
1.5474462614172914e-15
0.22612109435098485
0.485320408700105
0.32916132650382357
7.074849276756917e-16
1.4295892928324737e-16
0.5629796725657804
0.3693341390575585
1.527993040659657e-15
8.168759960324733e-16
0.2511202988114746
4.83692163193036e-16
0.19158543775189607
4.890416797978946e-16
0.03046100962637237
4.7209342388927616e-17
2.4235922173380405e-16
1.1253420494556302e-15
4.58947007275938e-16
1.4321829615707157e-17
3.3170425774839e-16
0.33437639137526076
2.3087156980576367e-16
2.016174023464276e-16
0.29241253474860557
0.30727659878130664
4.91691032556532e-16
0.07993671375852907
0.7368770175677672
1.6098598729480845e-17
5.571444200493376e-18
1.0384000045744362e-15
0.7109530303660657
8.7325749169761e-17
5.981611506285146e-16
5.1492457781699075e-17
3.280309297491307e-17
7.779004642614667e-16
1.7895822410816154e-16
0.0023322475963284805
0.2884953846705913
1.9987584978502437e-16
4.98329449334122e-16
1.072355966237196e-15
0.05380878261789683
4.191709665050491e-16
1.295954497338998e-15
2.4707017165003832e-16
0.417596627353673
0.516508733204228
5.147355820056204e-16
2.9165274068314187e-16
0.06075468945922681
2.448425045757542e-16
0.22481786290169314
2.3292951269057746e-16
0.7498379012181179
0.2924186221678679
3.039062440408318e-16
0.20531181896114695
5.262978704931732e-16
4.781766769619843e-16
3.144356871427779e-17
1.9078951735229824e-15
4.839777253641089e-17
1.227761454623965e-16
0.3574775661677883
1.0587580129003193e-16
2.3857819871489485e-16
0.08141193507913634
2.8522704151506194e-16
5.321057185378261e-16
0.28509147012623626
4.889713017895423e-16
0.737960374858657
6.768515438108193e-16
3.5912655375339813e-16
2.7881490331609105e-16
0.6472518986889868
0.13313310689417301
5.839506124291019e-17
4.0703510474784584e-16
4.134899037537693e-16
0.15416047250628062
3.0180261366928682e-16
6.119606019195556e-16
0.01186538520659439
1.3803462371725725e-16
9.113802912863051e-16
3.0721653342291916e-16
2.922382495393487e-16
3.240798112013014e-16
4.241347601711485e-17
0.2629976333671641
0.04797409262508494
0.3929911106608133
8.283285519468602e-16
3.5728043398865954e-17
1.1142410503688935e-16
0.31947429825248563
0.041172587552234664
1.0170196876796633e-16
9.500564861611117e-16
3.9300598220870994e-16
4.3233183971609007e-16
2.1377695026224996e-16
1.3943451382698487e-15
2.6866033207471054e-16
4.16679909121544e-16
2.7672511441115227e-16
1.4992204638465533e-16
6.467649168244056e-16
2.261015441756269e-15
0.3768853433019879
6.383005734560965e-17
0.5577817516400526
6.705196572177831e-17
0.8018327605956439
0.8018327605956461
3.9553880373033827e-16
9.938058559752088e-16
0.1247302435627884
6.469567559415442e-17
5.95668142020897e-16
1.8015054031461015e-15
5.838922080839403e-16
3.7030032073291357e-16
8.80416208973971e-17
7.411884140865726e-16
1.9080112997392051e-16
1.3758367948339654e-15
7.833722123260844e-17
0.3346334765322081
0.24649236767046906
4.637025111558317e-16
2.1434710087924183e-16
1.0564222173052154e-15
2.1346011782249861e-16
4.509934687030972e-16
0.3128313371275831
5.809620039032376e-16
6.579208243909704e-16
1.459159445991626e-16
1.1976382665366543e-15
4.199735123788455e-17
0.23152814265012522
4.449099275104613e-16
0.544384397054127
2.484375725216634e-16
0.6557716828160447
0.15188571862928646
1.2578002539902857e-16
5.515143371250398e-16
1.9779954181581767e-16
1.099269293666582e-15
0.1789220232258595
5.154998506420349e-17
8.335046315137933e-16
5.0343721088946065e-16
3.6307777594878814e-16
5.349989752779194e-16
4.428220823699879e-16
0.3872440675657314
