209
2.439395021708318e-15
8.050611430139635e-15
1.7078190283507767e-14
0.11454753722794683
3.2398205120633683e-14
4.09793325260715e-14
1.908268221476852e-14
0.11454753722793476
4.8443236734320505e-15
0.007730981715180956
5.77811524848401e-15
0.023557470001671053
1.2886543652920223e-16
1.342753169749153e-15
2.042833260610325e-14
7.743331974102763e-15
9.892262445101884e-15
3.2319260537533206e-14
1.186880429995974e-15
3.110241661232404e-14
3.0325578545447548e-15
3.0813072708983506e-14
1.2977358872811933e-15
2.467056549851986e-14
8.444471167711399e-15
0.07542679174661489
1.0233799107436347e-14
1.9429914675130152e-14
6.894273372509277e-15
0.07929860300354107
8.579720984353775e-14
7.854870451821669e-15
2.433397958262554e-15
1.0447718784696395e-14
3.78216386810145e-16
2.704943960211054e-15
1.7605085954812152e-14
1.2982718652358822e-14
1.3923256782213914e-14
4.185027534304228e-15
3.116428477611864e-14
0.057537577065585245
0.05280412211511191
8.991966242117281e-15
4.072519235820264e-14
1.1542782455833148e-14
5.8322670869133476e-15
2.2549929031577556e-14
9.138499972725632e-15
3.5527047530905202e-15
0.007820633146043572
2.304380173291088e-14
1.6229843982373333e-14
1.5789388056803216e-13
2.729683570486657e-14
0.11454753722794167
3.474159866869163e-16
1.6658149353359855e-14
0.11454753722794325
6.6853047622096995e-15
0.018297180365147683
1.962505459877949e-14
6.316965266613905e-15
1.7419168506515832e-15
3.704983185340534e-14
0.0549034541046004
2.252547893773642e-14
2.3700429057606878e-14
1.2739202227472057e-14
7.90124796774398e-15
8.528420972317613e-15
1.3577358904968932e-14
1.1066463583368617e-14
0.11454753722794596
2.211543099238866e-15
3.975265713888647e-15
4.299021183141477e-15
5.895229987237127e-14
9.319473336196244e-15
1.2549978011019175e-14
1.9408382439348808e-14
0.1145475372279439
9.476884148379861e-15
4.522196639302718e-15
8.876298862586858e-15
1.9545893035571555e-15
1.570772052203953e-14
6.820878279993288e-15
6.644476305900387e-15
8.365408893984561e-15
6.226867814511828e-14
3.1435991621469396e-15
5.4993638635397876e-14
8.269133457519053e-15
3.463210151807072e-14
9.27885783370373e-15
3.777592994620436e-15
0.11454753722793987
3.528794719733965e-14
9.129536689762626e-16
1.7695228175029997e-14
2.0619339366140443e-14
0.11454753722794164
1.4054017605249568e-14
0.025802386522487945
3.434452848969197e-14
2.7126726295392058e-14
1.8688361731836983e-14
3.85896598202205e-15
0.11454753722793727
1.401723869959384e-14
7.525972580590697e-15
7.946105559976485e-15
3.060085457044356e-14
2.026239511939254e-14
8.232831775964848e-16
8.864201264642037e-15
9.486813665008429e-15
1.2880556922669382e-14
2.8903740484713182e-15
5.6204193728798275e-15
9.084698511348478e-16
2.208717364154421e-14
2.3808712932184106e-15
0.11454753722793963
2.985771177081179e-14
2.0834737970941378e-14
0.08927966280487079
2.086185481279716e-14
0.1145475372279434
8.145467835123982e-16
3.0215469875119177e-14
1.0342949598998237e-14
1.4051164289567214e-14
0.11454753722793895
3.788595275337132e-14
1.0146491630372357e-14
0.11454753722793765
3.186334795088757e-14
0.10607006929571669
8.45099425382371e-14
5.912373467054253e-15
4.874376897146321e-15
6.0757557055318555e-15
0.1145475372275311
7.744364311189604e-15
9.312695831334375e-15
8.929498028156754e-17
0.11454753722794515
8.612934843257869e-15
6.099615066978506e-16
6.526600953871253e-15
4.5829780387723066e-15
4.458168858651088e-15
5.6780850570672755e-15
1.8072837350705267e-15
4.646118774205784e-15
1.4478681292922923e-14
1.1310218474021111e-14
2.294661128075546e-15
8.240192294478382e-15
8.147112835854422e-15
6.403228761015465e-15
3.3746413075361295e-15
1.0709685605260117e-15
1.0948240461886402e-15
1.9334108176490393e-15
4.658020885529734e-15
0.06702989210043082
0.013475334593337735
5.1820403714344874e-14
3.488633423466693e-14
9.228623771961489e-15
0.11454753722793663
2.3028091846333244e-14
2.935678098919013e-14
0.11454753722792842
6.1636606623399456e-15
4.830504265789912e-16
0.04939631340446863
2.9069812004659888e-15
5.893119359437382e-15
1.0805220586918977e-14
0.016901212514695764
1.8709390423759467e-15
2.034013265492603e-14
4.122583434800344e-15
0.10757657431722312
2.2907736618978164e-14
0.11429883798981877
1.4436344587452717e-14
2.350663066036963e-14
8.327060828973629e-15
1.410865802755187e-15
7.197595580015092e-15
1.2415391639069076e-15
9.441037203082447e-15
3.268004560432382e-16
6.438015891171056e-15
2.970959211775104e-14
1.7010862711344076e-14
0.11454753722793595
7.263511116800542e-15
0.11454753722794342
1.2923696911955508e-14
3.9203934389748706e-14
2.1045639859313128e-14
2.1526422278478646e-15
5.0792823945418834e-14
