589
7.792787731199985e-14
1.21486297486697e-13
6.065281329742694e-14
1.9327203281864287e-13
2.2932188068507745e-13
2.7917165698663756e-13
2.13809910176932e-13
2.4547941796765824e-13
9.467680019505722e-14
2.919349734314723e-13
0.5727376861385701
1.566532868326656e-13
6.4389747955433505e-15
6.240098398585907e-14
2.7179478283477777e-13
3.470422492883755e-14
1.2959300223567966e-13
1.1855126009085735e-13
0.34992155234247285
7.461675166524521e-14
8.517107397764255e-14
4.141895057009478e-14
1.5958640609349701e-13
2.100343757499473e-13
1.2425469423433324e-13
1.7381572344282943e-13
2.9880668617996037e-13
0.5727376861386839
1.1330765698328531e-13
2.1666306359122572e-13
0.5727376861385727
4.311316829559838e-14
0.5727376861384547
8.047420278800805e-14
5.3252732858004634e-14
6.466854744924553e-14
2.646200405496709e-13
0.11176495598097366
3.7458616627585713e-13
0.5727376861383886
5.277589024266388e-14
1.570985432645341e-13
1.948599956908377e-13
0.31947951702204647
3.5987919397973893e-13
7.235009798906681e-14
2.6432334653600604e-13
1.911426206131773e-13
2.87955349129493e-13
0.5727376861386901
0.5727376861388429
1.7015070245611094e-13
0.5727376861389356
2.879145293930712e-13
0.5727376861395551
2.87416121618638e-13
0.5727376861381649
1.3836917290662425e-13
1.1694443879981724e-13
2.2268084166802603e-13
0.5727376861397361
0.5727376861385319
1.8631180885279513e-13
1.1245007943447863e-13
2.8724469409335506e-14
1.1211916473335895e-13
2.2860901241398605e-13
1.3482528916772584e-13
2.5687616648566787e-13
1.35339511432589e-13
2.9432903270987994e-13
5.07696384719621e-13
2.1997084299502298e-13
2.154671625519182e-13
1.840895038727802e-13
1.8405239055686824e-13
2.318899799832219e-13
2.017720080642172e-13
0.5727376861392403
3.531137402358942e-13
0.572737686138512
6.973326874553186e-14
0.46826824072002704
2.040871501071795e-13
5.3324634264869293e-14
3.055463156612317e-13
6.629409962558961e-14
0.5727376861384378
0.5727376861300503
1.370915410582569e-13
2.592084230329305e-13
8.408731286368468e-14
1.8426893092214716e-13
0.572737686138411
1.8762123148837573e-13
9.65289705690486e-14
1.9638913847120426e-13
2.2608159945204504e-13
8.590812258886411e-14
8.563532869857817e-14
0.5076569819810717
0.5727376861389265
2.485728120330927e-13
2.2601111594074651e-13
2.2984339888158517e-13
0.5727376861310932
8.077233803675437e-13
8.738335239549282e-14
0.28217036227365394
6.23306623571112e-13
3.395703278203071e-13
3.585123014632502e-13
2.770727249266591e-13
1.8482625075015445e-14
1.3757909721839046e-13
4.859963656330486e-14
2.33712714020594e-13
0.5727376861387296
6.241862190452781e-14
1.853073471500212e-13
1.8329172272734765e-13
5.68513392544757e-13
2.146704253444475e-13
0.5727376861385669
2.6246160032447855e-13
1.6946649040760546e-13
7.405619384273954e-14
0.5727376861385806
3.0790494921332405e-14
2.588018117791281e-13
1.635991562047909e-13
3.6209172869386213e-13
2.959273274518773e-13
1.6020081188415947e-13
0.5727376861382223
2.1142666051957616e-13
3.5891305968081023e-13
0.5727376861383373
0.572737686138691
1.0056949241894195e-13
8.769803071707004e-14
0.5727376861388054
1.8496889944111002e-14
0.5727376861383684
5.824574941320463e-14
1.8418937771671924e-13
0.5727376861384285
1.118128651137064e-13
3.212122817444727e-14
0.5727376861385772
1.7745314212242389e-13
2.1516146696795943e-13
2.280827731042307e-13
2.396306509782428e-13
2.2441482838675226e-13
7.882779003349656e-14
2.0592129073580384e-13
1.4603245300471637e-13
2.852421460003482e-13
2.6909430997585693e-13
1.4656449141058808e-13
1.0100688867384205e-13
4.0579182110510354e-13
1.0811746410844434e-13
1.7771330562778938e-13
2.1847574007712733e-13
1.7248511050093358e-13
2.947450604368133e-14
2.5307356280877484e-13
5.314418162891742e-13
0.5727376861383503
7.954714677846358e-14
1.4847860789662728e-13
0.5727376861229425
7.813178185733727e-12
2.1351188966217047e-13
1.2929345885295835e-11
2.414381581390491e-13
1.0093412926026476e-13
2.3541712509233947e-13
1.2480425057259014e-13
3.0233292483453036e-13
6.225810785782316e-14
2.202821013907931e-13
8.603040334948783e-14
0.5727376861385233
0.5727376861384466
6.046249326866179e-14
4.61337444508001e-14
0.572737686137245
9.202907484144028e-14
6.682306202717713e-14
1.1779230097494646e-13
9.43353519234589e-13
2.2578493504665535e-13
1.5356492136608825e-13
8.198134898116455e-13
5.51772618827674e-13
8.178913236933801e-14
2.0329836262047033e-13
9.717563878071578e-14
4.690451180949022e-13
0.5727376861386128
2.6679683446471227e-13
0.5727376861383567
2.0711873553082838e-13
0.5727376861389815
2.4916804666408977e-13
1.1088811248214408e-13
2.3741616863449236e-13
1.6747920244799392e-13
8.30199032106493e-14
5.425552780113465e-13
2.7366374895332457e-13
8.771690602907383e-14
2.1714120451494331e-13
0.47917761199580705
1.46906521126892e-13
2.3950554543236496e-13
2.9980740406231845e-14
9.144536060040713e-14
1.3696922905797378e-13
1.778780066108024e-13
2.1333426057952863e-13
0.5727376861382955
1.1785562164233552e-14
0.5727376861390817
3.677074873613559e-13
5.9558371946267e-13
1.3380859037878797e-11
1.0807062283402379e-13
4.1147977889668075e-13
9.478606082862718e-14
0.5727376861386798
1.0433824998395356e-13
1.069428591864022e-13
2.5581270766164455e-13
1.8185998319139548e-13
3.071981424445645e-14
2.8730963573510773e-13
1.3400003761184264e-13
1.0241587414392537e-13
2.079899584384274e-13
1.7538924678162774e-13
8.634109743186918e-14
2.596216227984526e-13
5.89705198834904e-14
2.713025197446347e-13
4.8205893489474716e-14
2.5588617834093034e-13
2.849950853608092e-13
9.423141377148172e-14
2.7595898795960757e-13
2.2720844719928124e-13
2.9683076850394815e-13
5.2871018372233875e-14
4.0470201180733714e-13
1.3553963001937094e-13
8.007228921403053e-12
2.7952913261807714e-13
0.5727376861384198
1.3696738405759658e-13
2.804260450816776e-13
2.0565053469911605e-13
1.0952431657198378e-13
2.5947055193504785e-13
0.5727376861385861
2.9295948381070616e-13
2.5112785547091645e-14
6.138439484503997e-14
0.5727376861387021
7.315013995034991e-14
0.5727376861386657
2.2626286601521407e-13
2.34156043512186e-13
1.8037000247442128e-13
3.5919970538597666e-14
1.6955986324790734e-13
2.8709817309153516e-13
3.5574019908629704e-13
2.3937020456445465e-13
2.1596578605245837e-13
0.5727376861392212
0.5727376861386683
1.8273254323751612e-13
6.137691348490988e-14
3.0450734268567977e-15
2.148495951697444e-13
2.0773829820241726e-13
0.5727376861397423
2.930068350730969e-13
0.5727376861391985
1.7756781687572816e-13
2.1939435071164008e-13
1.0945022569963264e-13
1.2296719428348603e-13
2.7097612906186964e-14
1.8243359793482848e-13
3.6998632841991894e-13
3.194649712339845e-13
6.68729870078542e-14
0.5727376861386522
2.3683741281095145e-13
1.626274137609279e-14
1.880816007836682e-14
1.2679854633071977e-13
2.4427817320093654e-13
0.5727376861382192
2.0836546150274242e-13
3.8527178594823094e-13
0.5727376861387224
3.1860007533155465e-13
2.443114562222928e-13
4.389868190879891e-13
0.5727376861387173
1.7137318587037968e-13
3.7579153759563845e-13
2.0202351210047445e-13
9.169728919349113e-14
2.921815268124877e-13
0.5727376861383815
7.120067611763054e-14
9.632583772452925e-14
7.071167997078309e-14
1.4994236177441252e-13
3.9138575808765187e-14
2.1789350566121275e-13
1.041804159065266e-14
2.6037994450730417e-14
6.612058168800263e-14
3.714301078609017e-13
1.8320515984753166e-13
5.913928700187567e-13
1.907001689711783e-13
5.743613169971524e-14
1.2338424432234012e-13
1.405461136982811e-14
0.5727376861386703
1.235343561013859e-13
1.3743249287483006e-13
0.5727376861384897
3.684753885794857e-13
3.3083349307416604e-13
1.7313184624961427e-13
4.3455553930313515e-14
4.175143537755504e-14
6.826213089923473e-14
0.5727376861388894
2.695890934458347e-13
2.922118105389756e-13
9.71676606697298e-14
1.1069895578859407e-13
2.1314937932842037e-14
1.5751752921725848e-13
3.8631094570636574e-13
1.1032691277565927e-13
0.5727376861391547
2.2310788063794734e-13
6.485360386634516e-14
1.8764467043979528e-13
1.94675071179318e-13
2.3432248047403115e-13
1.252172358941964e-13
4.3354750164560805e-13
1.4626427374720762e-13
4.146614901417697e-14
0.5727376861386878
1.7299911198759222e-13
7.08822043968083e-14
1.4618694473004094e-13
1.1257656667867892e-13
3.983218744937248e-13
3.22391506003391e-14
6.60100830098474e-14
3.230786424409641e-13
2.884436003994242e-13
2.1983212074401837e-13
2.6466505969013456e-13
1.0473318686135425e-13
0.5727376861389896
0.3884382660262148
2.7632887013931486e-13
0.5727376861382873
1.5685644600926223e-13
1.632797105477533e-14
2.1169062135225566e-13
0.5727376861375093
1.4077984395357157e-11
0.5727376861269597
7.917397507394897e-14
3.4030836816891275e-13
0.5727376861387469
2.5522287349158667e-13
0.572737686138284
0.5727376861383038
1.9973503028867683e-13
0.5727376861329295
4.9775846779284475e-14
0.5727376861383044
1.328390876683854e-13
1.3840526658562872e-13
0.5727376861383471
1.3713310616973717e-13
3.2803904007869636e-13
3.9470041958457423e-14
0.5727376861384496
0.5727376861373643
0.5727376861385075
6.370938535620286e-14
1.5317609410634634e-13
1.1193928151342824e-13
3.0538264901138383e-13
2.0419770567505474e-13
0.44224360111387184
3.8622674494053504e-12
3.2879147175119316e-13
2.5784941344443934e-13
3.617619776197058e-13
7.931944335991932e-14
8.006217920557693e-14
0.572737686139075
0.5727376861386593
3.411536653931607e-13
0.5727376861391235
0.5727376861383433
1.7011469244386425e-13
4.0409062152654815e-13
0.5727376861389447
2.8850840194934637e-13
1.8183389587931925e-13
4.4871647471579734e-13
1.195098342857276e-13
5.889275397052883e-13
1.5362543071340054e-13
0.5727376861393471
2.154729095777935e-13
1.629845642716871e-13
8.119849751195363e-14
0.572737686138823
7.855771192911717e-14
1.3854787829103168e-13
3.7924196053604975e-13
2.722120490088084e-13
6.88274297406468e-14
5.4900290467790594e-14
0.5727376861383832
2.2630300915413654e-13
2.804864963443484e-13
2.3105254438109707e-13
2.0264287420315413e-14
6.046555537059556e-13
0.5727376861384527
1.5695054912117986e-13
9.845255819969169e-14
0.5727376861383583
1.4292400974519943e-13
9.336342005433888e-14
1.4568873321327252e-13
2.1572272882739516e-14
2.1862281903304662e-13
1.9451174310247936e-14
1.8949581314413667e-13
1.1435265069415804e-13
6.6572374857921085e-12
1.1467255852506154e-13
7.869707670215526e-14
1.699034301736228e-14
6.71698954653507e-12
0.5727376861390916
3.552702662766146e-13
2.4906296117603295e-14
0.2833773018688583
1.820242608537675e-13
1.2459796333617487e-13
1.4372368471009865e-13
0.572737686139303
1.2859459039004573e-13
2.0413110685540234e-13
0.5727376861383869
2.1182097688474517e-13
1.6275302254850098e-13
3.478364226692152e-14
4.003418388249963e-13
0.5727376861384683
2.0018598839734098e-13
3.1121049762158087e-13
3.799126112814182e-13
2.667522060340962e-13
4.024489903324164e-14
0.5727376861393971
2.3870100708102496e-13
2.8991025519215224e-13
1.3604604725477897e-13
2.0121683072102844e-13
0.5727376861304959
2.0854045961801664e-13
7.742868659379846e-14
2.3166421014598247e-13
0.572737686138485
1.3210244926727092e-13
2.678507903437031e-13
9.740928675137109e-14
0.5727376861383497
0.5727376861385025
3.5546246810788463e-13
1.9616842233725084e-13
1.0912190046595135e-12
2.440213693187275e-13
9.329773216632646e-14
1.384212334762887e-13
2.4336127861296458e-14
2.1870585403818537e-13
0.562371101765433
1.277293289486131e-13
1.1424798480567033e-13
2.6351064947536234e-13
1.7073854436755536e-13
1.1831517239043567e-13
3.3162286291152946e-14
7.971871694028487e-14
2.6987188210258054e-13
1.7724206362100958e-13
1.0029635290206226e-13
3.0680170020247925e-13
1.4833399133324206e-13
9.388985952217907e-14
2.42849840599232e-13
0.572737686139346
3.965300569030842e-13
2.341989896324169e-13
6.57210246448847e-14
0.5727376861385298
3.4887116180131655e-13
3.376720552242602e-13
1.2471789391413173e-13
2.2405982486525605e-13
2.742215584264408e-13
1.4205429022218636e-13
5.5355997265945406e-14
4.2892329556277205e-14
1.2005100256071899e-13
1.0905645047680779e-13
2.9892446745960017e-13
3.5503314552456424e-13
0.5727376861388533
0.5727376861381872
1.2477179026850632e-13
8.023474823416859e-12
2.874272593372208e-13
4.0343286974891406e-14
3.0649190110212545e-13
1.075675094249921e-13
5.968523537223264e-13
1.0674749818393564e-13
2.768117965405461e-13
1.0716036298985402e-13
8.097418168534683e-12
0.008314450186882281
2.1793688551506784e-13
6.183143294205447e-14
3.631400405042983e-13
0.10098314266385511
0.5727376861385777
4.029976084488699e-14
8.096569928822012e-15
3.4878741281903594e-13
0.5727376861386649
9.019186112605531e-14
2.393535089061255e-14
7.78362038329663e-13
2.360382868590557e-13
3.0337131003824e-13
0.5727376861382529
9.450316015328944e-14
1.8393016226260747e-13
1.6327922403417913e-13
0.0993871206121362
2.7090432001158744e-14
1.708638572177134e-13
3.1639710405088374e-14
2.014529931703276e-13
4.823758181673656e-14
3.9440460135850875e-13
3.4004652298646474e-13
0.5727376861387361
0.5727376861391222
6.665726584621616e-14
2.7838474102541295e-13
1.8049436848091775e-13
