339
3.0473041695910558e-15
1.4353326926535565e-14
4.208015781438322e-14
2.4630766694667776e-14
2.5745679889023766e-14
4.834125069266195e-15
2.658887561595779e-14
1.4455829524409475e-13
1.7926096981165834e-14
5.838714979080129e-16
1.6572946947998824e-14
9.383666888744133e-16
9.576577614350156e-15
3.1477967437637644e-15
1.6208150879101474e-14
1.5300477210688015e-14
4.706547607273111e-15
5.456118036292014e-15
0.24826752505054298
1.8072191009227434e-14
1.2948315158788857e-14
0.156282776583377
2.4189338163124042e-14
5.504549417174461e-15
1.5572650632266695e-14
2.256006271919258e-14
4.0069375475650554e-14
1.7161418134309675e-15
1.935654756754843e-15
1.2355157114247723e-15
1.0345435748704398e-14
1.4417015677740435e-14
1.1962548816431874e-14
3.45393088535817e-15
5.610474573144263e-15
0.3443673929943758
3.8309250088275365e-14
1.278982860964883e-14
1.370313827827106e-14
7.234103540130251e-15
2.7004184478806424e-15
9.945104082130488e-15
9.894751995906036e-14
5.740556397484203e-15
3.691279454393611e-14
1.2210329825722485e-14
6.1460244615362376e-15
0.8018327605954128
1.0349498937056293e-14
2.584600522313701e-14
6.727593616696176e-15
1.1671761145002234e-14
4.070441284329052e-15
9.775393191234873e-14
6.764712983291053e-16
0.7226653142737763
6.318262458021143e-16
7.93797496852924e-15
1.2199489550886471e-14
1.1735696954629638e-14
2.642799340767364e-15
1.933680044808379e-14
2.1500840728591386e-14
5.587764278821489e-16
1.211996896723486e-14
5.582705222694464e-15
8.91614894624864e-15
1.462839039845788e-14
1.0431025786847591e-14
4.080499242497848e-15
2.50547433795669e-15
1.9781257572732063e-14
0.632814913835735
1.791534468586482e-14
2.2721948444106456e-14
4.675052907819571e-15
1.7777532969272653e-14
9.910703429989095e-15
1.9395487624893184e-15
1.2230439715118079e-14
6.1518358434351565e-15
8.77687932567229e-15
1.143340850578183e-14
9.66699192229704e-15
2.9145246647089996e-14
1.0208796999143042e-14
1.0256177940451533e-14
3.071675749984888e-15
6.679347870911992e-14
1.9291236687726265e-15
1.544588537973313e-14
1.7662963983076277e-15
1.2633689913719882e-14
1.3683472412092737e-14
8.793098669084207e-15
1.4128131872877041e-14
4.498959159838204e-15
3.5796366277270517e-14
2.0372669449734864e-14
4.29021933339822e-14
1.1402061655077475e-15
1.827293469271858e-15
1.0599178770055632e-13
3.4883757691179463e-15
2.011442454925679e-15
1.7181658250285775e-14
1.1206387509677096e-14
2.2655046811231953e-15
6.061180943366808e-16
6.408209408058241e-15
8.233204894655077e-15
5.14265351116283e-14
1.4838196750363394e-14
0.042240371817592604
8.070313933103208e-14
2.912997115554479e-15
7.551392142486119e-15
1.709552156160375e-14
2.7943808115106924e-15
1.7749483964376397e-14
1.739836588382824e-14
1.2810870256909056e-14
2.876610360971308e-14
8.758909031187085e-15
1.271655490157398e-14
1.6415564716879895e-14
1.164660609323331e-14
1.844774297275327e-14
5.232880802439037e-14
5.13032997848741e-14
1.067888253047426e-14
6.877754929338884e-16
3.438006679030951e-14
1.9584631503347187e-14
3.672643506540849e-15
1.708159441531895e-14
1.4123257221563445e-14
7.767318899971022e-15
1.959890468034826e-14
1.2291455241472722e-14
4.954059841052897e-15
9.266113281895425e-15
6.266222787614398e-15
6.319669230574054e-15
1.2633249388408195e-14
1.152000725004113e-14
8.136749724468135e-15
4.374938248951095e-14
4.6734132758214815e-14
4.4925758216529556e-15
1.0729237473643687e-14
1.3022242187026381e-13
8.021095580310434e-16
6.70336672373381e-15
6.83078232824417e-15
5.493900935505126e-15
3.44145632831794e-14
8.633467923399515e-15
1.4548324483100587e-14
4.483250513124426e-15
8.009221365353056e-15
1.3782892268098395e-14
4.487536972541771e-14
1.468118366722772e-14
1.1343595663951112e-14
2.8436309139966106e-15
0.6764490960434044
0.8018327605954734
1.3677588944480219e-14
5.032606941515035e-15
1.3672476625125809e-14
5.7392436355329015e-15
3.8556145667582624e-15
5.361782238515594e-15
2.783202565944064e-14
1.6399550327551434e-14
0.5944777004619073
1.5142783326629293e-14
1.2333093228566961e-15
3.879204575451679e-16
0.6912984172900982
7.781666934925528e-15
1.0297355926608699e-14
1.472167525115007e-14
5.835571474186516e-14
4.5967143590600945e-14
1.9034990131748928e-14
1.6525132898933601e-15
7.573405393724086e-15
1.4688494555851076e-14
7.309949526347458e-15
2.5195664517564503e-14
1.5421502797276315e-15
1.2136189583050286e-15
1.1170156303082974e-14
2.4078096220297876e-14
1.7191291261787645e-14
2.216860587055516e-16
8.700350787550188e-15
1.1399910959600556e-14
1.1544231119253538e-14
2.5629390362234972e-15
9.90614179986607e-14
3.59970297855416e-14
2.978734034264964e-14
1.3074961390406402e-14
5.039707388578809e-16
1.6415615059507434e-14
6.637548105716711e-15
1.0367220073957233e-13
2.0340462661478496e-14
1.9809665922458523e-14
2.1347755123498446e-14
2.0914671188454536e-14
9.205862621295331e-15
8.03390113654465e-15
6.140358440722323e-15
8.59584553501537e-14
1.2392622833281429e-14
4.6082900687552585e-14
1.8608108229508464e-15
7.70164387640799e-15
1.024587186025475e-15
0.06911198984483356
2.2654473451598514e-14
6.227137198219964e-14
2.314846041051873e-14
2.9451320382934066e-14
0.8018327605953455
0.07309284874701048
0.8018327605936155
1.6947211188008144e-14
1.1033654020851515e-14
1.5778046521700647e-14
8.398818275783821e-15
5.723622036062365e-14
1.3286202335816675e-14
4.3117668490989514e-14
7.816399874749389e-15
1.4996453191708637e-14
4.2914546452473846e-14
1.5257321285715044e-14
1.632219119194088e-14
9.09105910908187e-14
1.0281917315515367e-14
1.3957146951744896e-15
5.1388711975479414e-15
3.742928422615052e-14
3.486639971323712e-15
1.3450591310396227e-14
4.009639373159103e-14
3.1111269193641445e-15
7.893837129751629e-15
0.4808815565369536
3.4672960626488175e-17
1.3951227107511789e-14
7.977104080512556e-15
2.4418459684089945e-15
1.998294106133607e-14
9.097373263016254e-15
5.682350421006266e-14
3.031454508094979e-15
1.4207038234640075e-14
8.662253709590661e-15
4.22469796883468e-15
4.74994007518e-15
5.03641642713681e-15
5.2343645010420475e-15
0.03252330622214067
3.4093796423166978e-15
1.1968645380767637e-15
7.405350754988999e-15
8.616224214064175e-15
0.34232150553195845
2.987661151440692e-15
1.459582633570009e-14
7.965631376075007e-16
3.766477383564792e-15
3.515322934537157e-15
1.2458650047094625e-13
5.290959544956497e-15
1.4634931014289703e-14
1.6664893244473155e-15
1.5341524868496923e-14
1.7416427147755095e-14
1.2049589156551051e-14
3.588254279503168e-15
2.3839745855117145e-13
5.33106860389545e-15
1.2258897527679895e-14
4.2730886584040015e-15
2.6150066748127632e-14
3.3856336952816466e-14
1.918356079427089e-14
6.195839712824678e-15
1.8181073735457225e-14
1.49509245479171e-14
1.105297576438351e-15
7.0911024465461145e-15
7.424444364222346e-15
5.170892714597346e-15
4.753065860345911e-15
1.2597682349912538e-14
5.99793355576665e-15
3.229311681055832e-14
7.33248594863661e-15
1.5348093917615792e-14
1.3343166264767576e-15
4.163470531573938e-15
1.3410897281218676e-14
3.2485239870691884e-14
1.045737084140411e-14
1.9659532293309665e-14
2.2192472796732874e-15
2.4158032280007373e-14
1.7403387211898953e-14
1.0222893881503388e-14
3.1365932319101125e-14
1.7195626394027682e-13
1.9142124362975076e-14
3.9055351910850214e-15
1.2416153557507077e-14
2.3217131447730357e-14
8.753050371837975e-15
1.9849603281801854e-14
1.9905049668861185e-15
1.7679656244535736e-15
6.143166238888034e-14
6.954995672889135e-14
3.499961303579143e-14
1.1064835461802304e-14
9.298829397496406e-15
1.1517019828813414e-14
2.2042322983583077e-14
0.17571797649205614
7.938212054527538e-15
1.0326823783346795e-14
1.621910319597632e-14
5.430338680923457e-15
