657
0.24413940680762922
0.6813227615089981
0.6792188927858666
0.6127894271926873
0.5195807097943735
0.6515019930188852
0.7431427380141753
0.7355593477884401
0.628522535798252
0.7732118261983354
0.654800939164914
0.8018327605956423
0.8018327605956462
0.8018327605956439
0.6177201248773962
0.24978910430195442
0.8018327605956429
0.502150551627014
0.7490840751720306
0.8018327605956467
0.5664304210888812
0.7494961563664074
0.749491676104959
0.7493985388013011
0.7464283557335949
0.0732182133247687
0.8018327605956465
0.7480187659225811
0.7078391232569592
0.6624843153222503
0.4534977637925668
0.6468031857354828
0.6753780806680744
0.749258158581131
0.801832760595646
0.7766626280933598
0.24978910430196324
0.5373485582703345
0.7494961563664438
0.8018327605956469
0.5197509132828604
0.7494903287670012
0.46545306907839923
0.7494740904793696
0.801832760595646
0.6786030624000404
0.6651553718065287
0.3401942632035021
0.6812660921085314
0.6958493260864558
0.7464460922812892
0.2599678942411762
0.6991752255770027
0.6281185499851702
0.7494770663678636
0.674559339974024
0.7420544890175277
0.8018327605956458
0.7888522838779368
0.7317600037553653
0.5119982680016564
0.24980727815317288
0.7244247523583355
0.47289705407490357
0.8018327605956465
0.8006879549679153
0.8018327605956463
0.4720557450068869
0.5009496195566095
0.49285737116777406
0.5058869200289917
0.544618507977665
0.7402836436796427
0.5419138967593441
0.749455150496879
0.5762598374692248
0.748821508601373
0.8018327605956445
0.764396999781236
0.7492107957932584
0.5986887427747122
0.8018327605956469
0.7466081025402315
0.6186719276856271
0.5531892963271844
0.7494938924153888
0.7519694109541953
0.749297222355043
0.6058999279465952
0.7494884870165565
0.5206637118276817
0.6462504409521548
0.667256396575416
0.7494706862558915
0.5853916707058979
0.7073535466844605
0.7488137243883032
0.6841805097480507
0.5470509685412801
0.3027087039051542
0.6992175112266631
0.635042913157483
0.7359685337909893
0.6616042561382651
0.8018327605956463
0.5607675473445193
0.681265412832358
0.624879754037177
0.8006432825698689
0.07422663504902852
0.749470653887952
0.5715168482443584
0.27800514552319777
0.7460088321292281
0.5915722807574156
0.6882484761878603
0.7378482092642997
0.7447775563254015
0.7026477926034996
0.6724672955204959
0.7025967693883449
0.6521398151239468
0.7254835170897718
0.6457038299016681
0.4119538122263368
0.659301282652119
0.6196995996174807
0.40929888069365594
0.8018327605956465
0.6563178290715443
0.8018327605956468
0.7160006342890041
0.7494926582780613
0.6927080784007241
0.7473294342735995
0.24979586732911754
0.5287702549423199
0.7326174294343738
0.7423621633800184
0.7468190694163457
0.2868331903328511
0.7494935216601527
0.4841907829069503
0.2498016218361195
0.6216836262942436
0.2519645766818846
0.7369410813366528
0.37474593589259325
0.5662767337125397
0.740923331687625
0.5346081784698503
0.6833416139000618
0.37916442088222696
0.7641013074116269
0.4498058880074813
0.45035400636750655
0.6446578381187164
0.801832760595646
0.3507678172842006
0.7445269117894193
0.7492737534556086
0.8018327605956468
0.20611296781960478
0.8018327605956463
0.4546241002569611
0.5970102911836589
0.7452018247259532
0.5348388002790541
0.651053214141682
0.7494950649336981
0.7346057267565418
0.5164983906882465
0.4722464085245593
0.7494890445386967
0.30223561003148913
0.7359338482848176
0.8018327605956468
0.4609213814673997
0.679769884980059
0.7171542744158806
0.5580087540765627
0.7096102927251696
0.18735658703597322
0.2126373688073544
0.438299785488871
0.6765948440600579
0.8018327605956471
0.3276106910472294
0.74274876098581
0.6349363782947809
0.37139788325145456
0.6919382583016769
0.4904068835827422
0.43623296727744043
0.3257918403770521
0.3297083181375151
0.7466520195814933
0.6091612113157716
0.3747180111445419
0.6495466548529343
0.6610855383979783
0.19526405293808155
0.7318116104088225
0.3564872475207664
0.763580986871252
0.5558123049988165
0.6928302976205996
0.7783950115037405
0.7135601180043076
0.5012881637728793
0.8018327605956468
0.7036490117995069
0.7077831256306404
0.18735844407987665
0.597304589260245
0.06072353213870217
0.563478601130163
0.46369511611416114
0.7086787439199922
0.7486604820577628
0.5428385080898167
0.6842050264334001
0.71672338105942
0.020866997525747166
0.6743543982526397
0.15860840150554448
0.7227090614302322
0.7461824985100431
0.801832760595647
0.739682758962553
0.7188575241769473
0.1873498579844273
0.4792195960560132
0.662938916374936
0.7355506232325514
0.7483617879362741
0.4287247313035536
0.7485595540070437
0.8018327605956469
0.5483791564668395
0.7494961563663166
0.7494586445540723
0.7303229613133452
0.6258176480353022
0.6479290144395597
0.6928972670763665
0.5986105629658921
0.8018327605956471
0.4246172835221659
0.7473118526270377
0.8018327605956468
0.7306829418054601
0.7368614155686548
0.7351021729031297
0.6200636285918864
0.7273852866241024
0.5607742887704237
0.7466429337989909
0.8018327605956471
0.6254077802795548
0.49278420249990623
0.4889060938804314
0.7263921569074393
0.6700954436340857
0.7264803619250592
0.7494816545397217
0.5742874101227946
0.18273755597482785
0.6419888544136567
0.28792000813934226
0.7494429011767384
0.5781566370418378
1.2325981096797216e-16
0.4902673325760553
0.6823416858878619
0.6402220692740161
0.5541601000741945
0.7415440893047185
0.6830346980185236
0.6338087261704244
0.7494960407150727
0.7418080770632928
0.8018327605956471
0.617188802521555
0.5151135441450024
0.7494681914472362
0.6789346033503735
0.702645000273599
0.42464629198938764
0.3967491337928078
0.7061307536614686
0.6943207065817922
0.41772155879694295
0.4035150915165613
0.8018327605956463
0.6322755333193434
0.4886419117203921
0.8018327605956465
0.7428642263899203
0.6801549452968567
0.7492661678772731
0.37474430556048827
0.26181897943101673
0.7493041988475903
0.7422643327609396
0.5411090356330207
0.752744998356961
0.7259386216192137
0.8018327605956471
0.6751626975433161
0.801832760595647
0.7474657861559288
0.5737627266372637
0.7494774192818107
0.659017206582807
0.3789284640787887
0.7486007815451515
0.5170393570892221
0.48065533959691065
0.23832842930140732
0.58577195716235
0.39763393134973973
0.7481528009890211
0.6056403955728352
0.6164339176532322
0.7439465637275292
0.6995315443433742
0.5324569461869326
0.7244037591714667
0.5982992662780074
0.47865282837945283
0.7484427440897262
0.6070217377778677
0.7481618694784775
0.8018327605956468
0.46525254633080376
0.5416283411542613
0.7487627904130644
0.8018327605956471
0.6196095956072312
0.8018327605956387
0.6962161294734104
0.708674499586902
0.7408812698104623
0.5289141550952727
0.7461577831400181
0.7949698292989513
0.6252998543272966
0.7484633169001973
0.801832760595647
0.13673161583155496
0.5137938714069564
0.7491665151508844
0.6229921791567774
0.7203328256269436
0.3900193886006449
0.709833597523228
0.5641210385318293
0.34179742040677835
0.5744915910726164
0.6614010153424481
0.6648355357908629
0.3747462035189486
0.6412790557907649
0.6917211174617346
0.5634556407679692
0.648344409169685
0.8018327605956471
0.4388811866167891
0.6191513008782256
0.6425725906756126
0.8018327605956469
0.6278498210921765
0.7204529036097412
0.4123292373280082
0.5167980623012702
0.801832760595647
0.3440845055954492
0.5423628128465965
0.5111740173839052
0.5824338698442451
0.705106177984091
0.431882909699475
0.34110670615217137
0.5608624804142065
0.32619390739868487
0.136556589555819
0.5263401424901297
0.801832760595644
0.7494921227730945
0.5818170211199065
0.7125287058505622
0.5346703381065734
0.7217454610536295
0.505204453673741
0.5393601793431599
0.7461659858012818
0.6856299647234164
0.6807715622793575
0.8018327605956467
0.8018327605956471
0.8018327605956468
0.801832760595647
0.11254326497547183
0.41415728431688537
0.5663701255105567
0.7441810558837124
0.46056442139838727
0.7159857949892361
0.5096056428544533
0.6288819275187566
0.7072604433494522
0.7029494539444521
0.6558870747530993
0.7228127928896658
0.6781446845195765
0.5266941043049781
0.7474959216688004
0.749478302488562
0.7306024855957384
0.18734523548505125
0.34367269692961144
0.5462980007796115
0.7334215075899739
0.7494759749327331
0.47580497519752923
0.47107390360618306
0.7408866937203682
0.29084899415204596
0.7415294578613276
0.7300428704818929
0.1873553262280236
0.6236178927429064
0.18733484821951443
0.7151244272076656
0.4023861941530384
0.2544364960906519
0.7494952677680575
0.6759595853771085
0.7486888633565311
0.18736412402204908
0.7447567768667186
0.29933692834006453
0.7494153472241057
0.6956349049589944
0.6543579567204485
0.8018327605956466
0.563859753629278
0.7174760719508326
0.37473764677214455
0.8018327605956471
0.645083883543819
0.8018327605956469
0.6462652280084445
0.7350123448999601
0.516218267797599
0.7490912638206307
0.7258340671005608
0.7578396141628748
0.29038577276991795
0.7494912415811726
0.2605984596947841
0.6501143048554967
0.7049645919533896
0.7207173499478132
0.6677322524562181
0.425228322132963
0.7412685359937469
0.8018327605956467
0.7494951174127489
0.6438899492344263
0.7435938662581051
0.6912715186976792
0.8001257193579273
0.18735499985810475
0.5222260965418696
0.7455899255755117
0.5696231845666309
0.5351750223469484
0.7317854709878661
0.7115976250762368
0.682421973612219
0.7494971995335833
0.7867434859546656
0.6015838182602959
0.7492792824933694
0.46083344716386815
0.774592718967197
0.7406683325857213
0.5004003008105933
0.6695282613220377
0.749310567589642
0.7472248353866762
0.3810693210472405
0.6004148275586281
0.47048486650744015
0.5926150754172204
0.3150903508383657
0.3747226131006095
0.74948038023017
0.7493429253766531
0.7494179493194815
0.7239524553401434
0.05224969649002404
0.7468892903623245
0.6719573129091215
0.5814527859947306
0.6723321327203784
0.6928226674963132
0.793031223118745
0.5654992008429324
0.5349290486432816
0.7389209855258415
0.6242470716483274
0.5840518713278574
0.7379948865992735
0.7340002347779132
0.38367884920415285
0.7343134774023227
0.7374354066150335
0.2489518303512011
0.6278367390074457
0.62890020649086
0.6751866402126999
0.7038254433091471
0.7489189763544121
0.729312745789886
0.7388364807855493
0.7494864438442459
0.7933524090344315
0.3747515807993136
0.646220838444635
0.5252642029802165
0.7466108163044081
0.7483569501490959
0.7460743339977368
0.6874408676017257
0.6614486053037857
0.7418775444315705
0.6726030543007713
0.7025167101906389
0.7494522147313875
0.6878068977557772
0.801832760595647
0.5312775382906831
0.3523938053923299
0.548863077939224
0.44021315663299077
0.5478436676900403
0.742233610952322
0.5634082399026319
0.7043131633161871
0.6891174491303428
0.7494983122196122
0.5474955474718206
0.7344410476470628
0.6607342742828175
0.37473004128905735
0.7073406020545787
0.801832760595647
0.6465667618730087
0.27233044957646985
0.7493444928916272
0.8018327605956468
0.16370937320704115
0.749494514680695
0.6001066915664638
0.3966169016609008
0.5618603700783357
0.7494668099329789
0.6714595340921607
0.16815433154430762
0.26055051206510943
0.7068497374994342
0.540269792363439
0.7309025779417844
0.7950159207466619
0.7411970814379747
0.656525142477757
0.7322161685350685
0.6724469651647095
0.748340239761643
0.43832780799278376
0.28656965512509286
0.7424245767759423
0.7473650514134024
0.40430335471828754
0.7995577623320893
0.7099068698141543
0.681393653920913
0.25922858171039187
0.6440639842770535
0.5673612005793892
0.5570261653809925
0.36801492385857065
0.4759587293951658
0.5234420202711905
0.7065793600863166
0.7471210001462654
0.7642619414820575
0.6748793723534274
0.5556165647484067
0.10581625017410443
0.7461084867388381
0.7364158844224608
0.7479875024788918
0.24980319488914735
0.4844895749938602
0.5265019480067211
0.7494960052441172
0.7179134492749367
0.5766160629212125
0.7059350131011565
0.801832760595647
0.7492732192077444
0.7260637920351439
0.3608265166806143
0.2848514869196016
0.4970679558626291
0.6823905261211201
0.6962193246372804
0.5282196373165621
0.6185137657727596
0.7407664161023232
0.5277342368867294
0.7320807857319283
0.7047749844976594
0.7224319591984731
0.4886298681097403
0.5650299359062234
0.8018327605956471
0.7329894995675296
0.3747325655133233
0.202126575925413
0.3747348656112514
0.7488617039453344
0.7141004447151925
0.5844678616508191
0.7494953178029544
0.48106263018688183
0.8018327605956469
0.7127187920310382
0.749494739550707
0.7278371885337301
0.7457575701913289
0.4176827509188088
0.35744576611483336
0.5070368509011892
0.6846141333250474
0.7353621183078156
0.7264325038632642
0.6767648501923234
0.5912568571148683
0.709003895416246
0.8018327605956471
0.7022973305291099
0.665576804547934
