764
2.343556860939678e-14
0.03341931046140067
0.11454753722780366
0.1145475372279461
0.11454753722789922
0.11454753722793459
0.11454753722792549
0.114547537227868
0.1082136027688621
0.11454753722788723
0.11454753722787656
0.11454753722793976
0.11454753722787875
0.11454753722786157
0.11454753722791765
0.1077884206551071
0.1145475372278971
0.11454753722787885
0.11454753722784891
0.11454753722786262
1.668483864404328e-14
0.11454753722789396
0.11454753722794879
0.11454753722792346
0.11454753722788162
0.11454753722787626
0.11454753722788726
0.11454753722790506
0.027249046343860727
0.1145475372278998
0.1145475372278832
0.11454753722789797
0.11454753722790666
0.11454753722786794
0.11454753722792134
0.11454753722787135
0.11454753722794431
0.1145475372278958
0.11454753722792048
0.11454753722788126
0.11454753722788437
0.11454753722787256
0.11454753722788809
0.10778842065509639
0.1145475372279427
0.1145475372278747
0.11454753722791017
0.11454753722787096
0.11454753722787847
0.11454753722793108
0.1145475372279203
0.11454753722787489
0.11454753722788896
0.1145475372278729
0.1145475372279344
0.11454753722789514
0.11454753722791726
0.11454753722791881
0.11454753722788695
0.002751323592791016
0.11454753722787649
0.11454753722789819
0.062258960364523004
0.11454753722788713
0.11454753722788119
0.11454753722785734
0.1145475372279085
0.11454753722789045
0.11454753722791837
0.11454753722790532
0.11454753722787252
0.1145475372278189
0.09772866948501882
0.09965871136278469
0.11454753722792597
0.09222347169540135
0.11454753722785409
0.11454753722787626
0.11454753722791872
0.1145475372278673
0.11454753722785761
0.11454753722786146
0.11454753722792002
0.11454753722786817
0.11454753722793418
0.11454753722789683
0.11454753722784487
0.1145475372279381
0.028921911479261143
0.1145475372279094
0.1145475372279249
0.11454753722788534
0.09198220488430248
0.11454753722790867
0.11454753722789411
0.11454753722785381
0.1145475372279352
0.11454753722788931
0.11454753722790986
0.11454753722784394
0.11454753722790433
0.11454753722792979
0.11454753722784934
0.11454753722793516
0.11454753722788348
0.11454753722789796
0.11454753722788118
0.11454753722789329
0.11454753722787823
1.837427631578023e-14
0.1145475372279007
0.11454753722787797
0.11454753722792216
0.1145475372279248
0.06900303415863226
0.11454753722793005
0.11454753722788066
0.11454753722790346
0.11454753722786357
0.11454753722788676
0.11454753722790512
0.11454753722789901
0.11454753722792363
0.11454753722789458
1.0884626534442447e-15
0.1145475372278891
0.11454753722789969
0.11454753722793896
0.11454753722787737
0.11454753722792989
0.11454753722789712
0.11454753722793132
0.11454753722789465
0.11454753722787314
0.08066590986287019
0.11454753722788098
0.11454753722788263
0.10159830618432421
0.11454753722789927
0.021882647259083877
0.11454753722790952
0.11454753722790721
0.11454753722790131
0.09807005178411571
0.11454753722790427
0.11454753722792063
0.11454753722790206
0.1145475372279215
0.11454753722792094
0.11454753722793556
0.11454753722793207
0.03500490864340538
0.0741108653725995
0.11454753722787411
0.11454753722793111
0.11454753722787557
0.11454753722792169
0.11454753722790222
0.1145475372278542
0.11454753722790025
0.11454753722787483
0.10778931046246408
0.11454753722788343
0.06801860458224428
0.1145475372279375
0.11454753722787842
0.11454753722789399
0.11454753722792094
0.11454753722791781
0.03130922098728732
0.11454753722787725
0.11454753722792206
0.09969670147577496
0.11454753722793391
0.10075403800731561
0.114547537227913
0.11454753722791024
0.075556221081886
0.11454753722792645
0.11454753722794093
0.11454753722789247
0.11454753722791862
0.11449153526763328
0.11454753722787968
0.10666464606357196
0.1145475372279099
0.11454753722788877
0.11454753722793308
0.11454753722789587
0.11454753722788265
0.1145475372278507
0.1145475372278966
0.11454753722789396
0.11454753722793135
0.11454753722789036
0.11454753722791927
0.1145475372279128
0.11454753722788412
0.11454753722791952
0.007279215350412231
0.1145475372279378
0.11454753722788044
0.10896018414417698
0.11454753722791103
0.11454753722789696
0.10720653304672971
0.11106723237199177
0.11454753722792335
0.1145475372278969
0.11454753722786484
0.11454753722790548
0.08051016282991255
5.5130520781339964e-15
0.009119007438337264
0.11454753722790488
0.11454753722788387
0.11454753722794714
0.1145475372278911
0.05564015230814227
0.11454753722792352
0.11454753722786203
0.11454753722792749
0.11454753722789274
0.03015247365009982
0.11454753722792704
0.11454753722784078
0.1133709245432697
0.11454753722790781
0.11454753722794922
0.11454753722794352
0.11454753722792026
0.11454753722792349
0.026627217824872533
0.11454753722787525
0.1145475372278784
6.235262470553979e-15
0.11454753722786086
0.11454753722791741
0.11454753722780472
0.11454753722761346
0.11454753722790532
0.11454753722794768
0.11454753722794349
0.08142934158223658
0.11454753722786117
0.11454753722794823
0.11454753722787152
0.11454753722789301
0.11454753722792611
0.11454753722789639
0.08051016282993977
0.1145475372279276
0.11454753722790494
0.11454753722789675
0.11454753722785899
0.11454753722792545
0.11454753722793416
0.11454753722790931
0.11454753722790728
0.114547537227891
0.1145475372278797
0.11454753722794761
0.11454753722786033
0.08005622469709599
0.11454753722792643
0.11454753722791017
0.11454753722790362
0.11454753722790346
0.11454753722791167
0.11454753722788626
0.1145475372279145
0.11454753722791872
0.06909127285424785
0.11454753722794529
0.11454753722791242
0.11454753722789425
0.022673432636641785
0.11454753722789536
0.11454753722788565
0.11454753722790037
0.11454753722786429
0.08539518800178514
0.11454753722788037
0.11454753722788792
0.11454753722785548
0.11454753722791962
0.08836939391003554
0.11454753722790148
0.1145475372278924
0.11454753722792516
0.0888126283670271
0.1145475372279406
0.11454753722792459
0.1145475372278907
0.11454753722792013
0.11454753722790365
0.11454753722792034
0.11454753722791904
0.09151447580758262
0.10684644217267061
0.11454753722793079
0.11454753722790123
0.1145475372278934
0.11454753722794388
0.11454753722785892
0.11454753722788319
0.02937648887086644
0.0835694024341296
0.012047588326420973
0.11454753722787356
0.11454753722790631
0.11454753722789744
0.11454753722788591
0.11454753722793257
0.041617912917942305
0.11454753722790806
0.1145475372278754
0.11454753722788613
0.11454753722788555
0.11197822941921184
0.11454753722792349
0.11454753722792735
0.058000841093550554
0.04416072677156484
0.11454753722789313
0.11454753722792207
0.11454753722789084
0.11454753722790488
0.11454753722787799
0.11454753722786164
0.11454753722790097
0.11454753722791122
0.11454753722788823
0.11454753722792793
0.11454753722789136
0.1145475372279148
0.11454753722790578
0.11454753722791126
0.07377794132368773
0.11454753722793824
0.114547537227872
0.11454753722791836
0.11454753722790591
0.008012889414769535
0.11454753722788538
0.11454753722786572
0.11454753722793796
0.11454753722789415
0.11454753722791224
0.0626336044983623
0.11454753722791283
0.11454753722789508
0.11454753722792056
0.11454753722789605
0.11454753722789862
0.11454753722787481
0.11454753722790569
0.11454753722789364
0.11454753722786919
0.11454753722789578
0.11454753722794832
0.11454753722794273
0.09476768284633423
0.11454753722787371
0.11454753722790252
0.11454753722792033
0.11454753722787778
0.11454753722789318
0.11454753722790204
0.11454753722788673
0.11454753722793944
0.02231039271497116
0.11454753722789456
0.11454753722792997
0.1145475372278966
0.11454753722794046
0.11454753722793944
0.07679653124109213
0.11454753722790742
0.06660555014920125
0.11454753722791398
0.11454753722791315
0.11454753722789347
0.11454753722793676
0.11454753722791357
0.11454753722792493
0.11454753722793092
0.1145475372278981
0.11454753722791924
0.1145475372278852
0.11454753722792882
0.11454753722794818
0.11454753722787556
0.11454753722787794
0.11454753722785703
0.11454753722792792
0.11454753722789864
0.11454753722788215
0.11454753722790104
0.11454753722793926
0.11454753722788806
0.11454753722791124
0.11454753722790398
0.1145475372279078
0.11454753722792009
0.11454753722789768
0.11454753722783295
0.11454753722789657
0.05608561734751104
0.11454753722788968
0.11454753722787908
0.11454753722783907
0.11454753722793144
0.11454753722792385
0.11454753722788555
0.10251489329427191
0.11454753722785557
0.11454753722793191
0.1145475372278909
1.0176825329367734e-14
0.02536529498612415
0.1145475372279245
0.11454753722788337
0.11454753722791158
0.11454753722790348
0.11454753722787747
0.039281433684991034
0.11454753722787454
0.11454753722789995
0.027279473559425362
0.11454753722788805
0.11454753722791361
0.11454753722791863
0.1145475372278678
0.054566321612027104
0.11454753722791783
0.11454753722789066
0.11454753722784125
0.1145475372278683
0.11454753722791343
0.11454753722787935
0.11454753722790637
0.09485498723797403
0.11454753722794782
0.11454753722792652
0.05288062073149784
0.11454753722793247
0.11454753722793712
0.11454753722792373
0.11454753722791444
0.03359157330609753
0.11454753722793752
0.09480929952927517
0.11454753722791843
0.11454753722790707
0.11454753722784151
0.11454753722787911
0.11454753722793265
0.1145475372279167
0.11454753722788424
0.08505355553114002
0.11454753722792378
0.1145475372279285
0.11454753722791736
0.11454753722792013
0.11454753722790101
0.11454753722791497
0.11454753722791902
0.11454753722789138
0.11454753722788355
0.11454753722786351
0.11454753722786075
0.05554123437538149
0.11454753722790487
0.1145475372279248
0.11454753722791958
0.11454753722791525
0.11454753722788066
0.11454753722792721
0.0417268914839481
0.11454753722791201
0.11454753722791121
0.11454753722792932
0.11454753722792389
0.11454753722789511
0.1145475372278841
0.11454753722788075
0.11454753722788595
0.11454753722792578
0.11454753722790059
0.06909127285416498
0.014430470529373166
0.11454753722789987
0.11454753722790918
0.11454753722786666
0.11454753722787958
0.11454753722788544
0.11454753722789589
0.11454753722791801
0.10590792950227584
0.07003264328073304
0.11454753722789439
0.05011808456889414
0.11454753722791627
0.11454753722790763
0.06935580637536219
0.11434738869093035
0.06908843001154344
0.10762739530119526
2.5947347385864452e-14
0.0733516129546556
7.601233301783043e-16
0.11454753722787532
0.11454753722793383
0.1145475372278571
0.10131257796092957
0.11454753722790258
0.08050811933090017
0.11454753722794603
0.11454753722788959
0.11454753722791534
0.11454753722792113
0.11454753722789834
0.11454753722791326
0.11454753722792432
0.11454753722792152
0.11454753722790978
0.11454753722793266
0.114547537227903
0.1145475372279016
0.09791957971875245
0.11454753722789884
0.11454753722793642
0.11454753722788899
0.11454753722791843
0.05771947385525853
0.11454753722788265
0.11454753722789773
0.11454753722792803
0.11454753722793715
0.11454753722792341
0.09944186984572606
0.07851761672464688
0.11454753722790001
0.11454753722790248
0.11454753722787922
0.11454753722791342
0.11454753722790548
0.11454753722792263
0.11454753722790434
0.08051079289400596
0.11454753722793382
0.11454753722790434
0.11454753722792291
0.11454753722787914
0.11273368817725124
0.11454753722788012
0.1145475372278866
0.11454753722793934
0.11454753722790505
0.11454753722787994
0.1145475372278727
0.11454753722790012
0.11454753722792074
0.11454753722788408
0.11454753722791686
0.11454753722794733
0.1145475372278568
0.11454753722792003
0.11454753722790272
0.11454753722789308
0.11454753722793122
0.11454753722786461
0.11454753722788318
0.11454753722792416
0.11454753722789834
0.11454753722790102
0.11454753722788885
0.11454753722788781
0.1145475372279124
0.11454753722787962
0.114547537227882
0.1145475372278875
0.10053276319792442
3.062512693339884e-14
0.11454753722789901
0.11454753722793855
0.10902980906544879
0.049695577165152584
0.11454753722785921
0.028198451655653826
0.11454753722794224
0.1145475372279167
0.007160941335416794
0.1145475372279281
0.11454753722790119
0.11454753722793096
0.08840723176343028
0.11454753722784117
0.11454753722789499
0.11454753722789736
0.11454753722792206
0.11454753722787066
0.11454753722787889
0.11454753722794106
0.11454753722790283
0.08714712738311
0.11454753722793183
0.11454753722785269
0.11454753722778548
0.11454753722793291
0.11454753722791262
0.11454753722788333
0.11454753722792176
0.11454753722789773
0.11454753722790187
0.11454753722791368
0.114547537227863
0.11454753722788351
0.11454753722793005
0.11454753722790062
0.0837379515408032
0.11454753722785618
0.0655317353088174
0.11454753722788825
0.11454753722790546
0.11454753722789737
0.11454753722790455
0.11454753722787096
0.11454753722793777
0.11454753722790653
0.11454753722791655
0.11454753722790041
0.10017514080614717
0.1145475372278947
0.11454753722791623
0.11454753722788467
0.11454753722792947
0.11454753722787282
0.09662851114511646
0.0569230253771724
0.11454753722791491
0.11454753722791369
0.0503265881624273
0.1145475372279256
0.11454753722792402
0.11454753722787843
0.11454753722789465
0.11454753722793866
0.11454753722791486
0.11454753722793275
0.11454753722790677
0.11454753722791466
0.11454753722789315
0.0631421721290736
0.11454753722787125
0.11454753722788572
0.11454753722786806
0.11454753722789912
0.11454753722794077
0.11454753722787868
0.08825872506531146
0.03423053004308132
0.11454753722792764
0.11454753722788598
0.11454753722786985
4.106549773779629e-14
0.10746329091280316
0.11454753722787692
0.11454753722792156
0.11454753722790638
0.11454753722789154
0.09783289228175168
0.11454753722789168
0.11454753722786484
0.11454753722790662
0.03887008619987151
2.2972540768280076e-14
0.11454753722781996
0.1145475372279153
0.11454753722790102
0.1145475372279181
0.11454753722790006
0.11454753722790541
0.11454753722790668
0.11454753722792707
0.11454753722791824
0.012640218906731376
0.05951418322901362
0.11454753722785796
0.11454753722791741
0.11454753722792267
0.07274274646792209
0.1145475372279034
0.11454753722787579
0.11454753722791425
0.10649883746220534
0.11454753722789245
0.11454753722791354
0.11454753722789782
0.11454753722784398
0.09969992259375073
0.08828968880410122
0.07780258455710362
0.11454753722787785
0.11454753722791065
0.11454753722790738
0.11454753722790503
0.11454753722788184
0.11454753722790402
0.03706537931358396
0.1145475372279276
0.114547537227909
0.11454753722793219
0.11454753722792357
0.11454753722790495
0.11454753722784297
0.06589505837823581
0.11454753722790754
0.11454753722791954
0.11454753722791611
0.11454753722793871
0.11454753722789827
0.11454753722790686
0.11454753722793878
0.11454753722790413
0.021080263593938685
0.11454753722794472
0.11454753722790176
0.1145475372278944
0.11454753722790227
0.11454753722786672
1.7831455501810645e-14
0.11454753722790291
0.11454753722789589
0.11454753722790317
0.11454753722790682
0.11454753722793029
0.11454753722787786
0.11454753722792349
0.11454753722789661
0.11454753722791264
0.11454753722787825
0.11454753722790452
0.11454753722791776
0.11454753722793112
0.11454753722793545
0.11454753722791486
0.11454753722789494
0.11454753722793018
0.11454753722791745
0.11454753722792123
0.11454753722780928
0.1145475372279167
0.10609040566192708
0.11454753722792128
0.11454753722787057
0.11454753722787478
0.11454753722791147
0.11454753722791475
0.11454753722787152
0.11454753722790655
0.11454753722792876
0.1145475372278863
