810
0.18972683689784545
0.5666615709602685
0.42644556600037836
0.5416153919042503
0.5727376861397454
0.49307810124138757
0.516300758052602
0.2934891763702865
0.23612434935597537
0.5727376861397444
0.5727376861397474
0.2407394448262817
0.11027893016764223
0.42137401860384427
0.2652094645168356
0.5559007304399731
3.41105456216043e-16
0.5727376861397472
0.5727376861397455
0.5319848811861971
0.1620949062925814
0.38274556125395687
0.5727376861397472
0.5727376861397474
0.5727376861397467
0.5321367834353381
0.4818740521614089
0.5727376861397471
0.5727376861397477
0.4960946925578502
0.40788557721996566
0.5727376861397443
0.008966873235353185
0.5727376861397466
0.240048648444104
0.4915846656677393
0.15236016324264476
0.5727376861397477
0.31440281673977477
0.10073369174158904
0.26520001919882347
0.4322985894045832
0.2554134611715933
0.3418148565676796
0.5727376861397478
0.572737686139747
0.25179250821019067
0.5727376861397466
0.5727376861397477
0.572737686139746
1.857700710856141e-16
0.4316618268178048
0.29360668431123044
1.3534748413857501e-15
0.45687197244491634
0.15669430673652418
0.06297432071542695
0.5727376861397475
0.5345226653628581
0.5727376861397468
7.092687475030947e-16
0.2679633831520694
0.5727376861397461
0.5727376861397467
0.5579325644872631
0.5727376861397401
0.5727376861397471
0.5128284384996793
0.5727376861397462
0.5727376861397476
0.22059694895374324
0.2381512234418498
0.27293186988053725
0.1730716811541527
0.5727376861397432
0.5727376861397466
0.5727376861397476
0.5727376861397473
1.0454727250243937e-15
0.5040697391182603
0.25699444249033404
0.11940994962872854
0.016301822974557786
5.08755549224179e-16
0.3843045203031153
0.36579331963349065
0.5727376861397467
0.132174997516422
0.5390371315162162
0.5727376861397477
0.06732163747708986
0.3450969159011318
0.5727376861397477
0.572737686139747
0.5198379367032984
0.36696688305923836
0.5727376861397445
0.09580272152070264
0.5727376861397458
0.5727376861397475
0.5727376861397475
0.5727376861397474
0.5727376861397471
0.5480037533000348
0.07614182502663361
0.5727376861397473
7.868817115922554e-16
0.40506793395360347
0.11937584814403628
0.3042303143934536
0.5727376861397474
0.5727376861397451
6.463954080416747e-16
0.5118217910870803
0.5727376861397468
0.5727376861397476
0.13047179569218786
0.5102845818387233
0.2852609309559076
4.7409038649440085e-16
0.2642630974935354
0.46586236139371806
0.408815282731512
0.32235006023760504
0.4278729415678971
0.5727376861397476
0.22110585905458718
0.5305461063747874
0.050877196851931865
0.5727376861397464
0.5727376861397478
0.22502872509318464
0.5727376861397477
0.07033056356579966
0.2081846226478391
0.3845724262806523
0.3501691399699876
0.1723373428435289
0.5600653564149604
0.4158662437657372
0.29654067511910454
6.894767453785843e-16
0.40178096653956824
0.33650499950545765
4.3160391536606527e-16
0.5685609562121642
0.5476122950076816
0.017293822317510976
0.009366465381392712
3.467774815341394e-16
0.4418637570227716
0.5727376861397476
0.3995166414225419
0.572737686139744
0.5727376861397471
0.5727376861397475
0.26520001919853436
0.5443471547655069
0.1883470857765346
0.2327008948041676
0.12097139485914953
0.37695861437545086
0.5727376861397473
7.832967316933668e-16
0.5727376861397461
0.4388370292895376
0.23852925604122507
1.0711256965692588e-15
0.04367503078497924
0.4727302741896427
0.3691709080907644
0.11177783523894684
9.233839031675224e-16
0.2044246670011054
0.16502722957097204
0.20126323849488406
0.2908218447377074
0.3859132858872088
0.38626685692704593
0.38064806530304496
2.2705233111076115e-15
0.1994785286325833
0.47108329877985256
0.5727376861397474
0.5727376861397474
1.909559168828529e-16
2.549330394287955e-16
0.5727376861397477
0.5727376861397476
0.5727376861397455
5.780675677876985e-16
0.3357937172283179
0.48857819352519566
0.1848018384851741
0.38210702373389877
0.38386621576651986
4.014283075588233e-16
0.5727376861397473
0.5727376861397473
0.4126671981488466
0.0849620825170091
0.49816182938708364
0.5727376861397475
0.37773524311986767
0.39314324322656397
0.15510580985466552
0.22371528230164767
1.2539061470093141e-15
0.28921154983790925
0.16449517123186902
0.49354386700362146
0.5727376861397466
0.309396704518465
0.19770912389491888
2.6134653659426396e-16
0.5727376861397477
0.5727376861397474
0.4383703662789217
3.243828377702195e-16
0.3267206312325927
0.5727376861397474
0.0045924970131605266
1.546326314736616e-16
0.2999709495511861
0.5727376861397466
0.26171066338549176
3.426731718327976e-16
0.5727376861397477
9.627423175579871e-16
0.36203804633271797
0.5727376861397475
0.186341676323734
0.32917695329106306
0.5727376861397471
6.746253284725286e-16
4.3898321165869365e-16
0.38300324011815157
0.18917424955334017
5.338145474864145e-16
0.32348127978626073
2.561808263669108e-16
0.5727376861397477
0.5727376861397458
0.5727376861397476
0.572737686139744
0.5727376861397465
0.3104195308762534
7.171347327357442e-16
0.24524478324417384
0.181403118019977
4.820936668612039e-16
0.5727376861397473
0.2647058616883512
0.5727376861397476
0.3569678565454881
0.3954561004064585
0.5727376861397474
0.19771190716322862
1.4256217351119965e-15
0.46265441524376405
0.48239548071046323
0.46296724868458045
0.5727376861397477
0.5275651807757822
5.875929098094507e-16
1.1195157038551322e-15
6.138351517057664e-16
0.5727376861397476
0.43016956442291787
0.5727376861397473
1.5840755995026687e-15
7.241374932574179e-16
0.4352424886953937
0.16129308238483034
0.11840854821030025
4.643881594591546e-16
0.5727376861397476
2.5486048833569723e-17
0.5727376861397476
0.35381403055655136
0.4611112233446786
0.5727376861397474
0.44379948510166106
0.4280204460033606
0.17511253301175714
5.0285442450410386e-17
0.07378758701239398
0.18275560264493693
3.8473416697315977e-16
0.5727376861397476
0.5727376861397467
0.1481989134094261
0.1032976786225522
0.5727376861397466
0.5727376861397477
0.5727376861397475
0.2887634695555142
0.13685538252293816
0.48190924800948765
0.5727376861397472
8.779055620783873e-16
0.2895325663444334
0.15409653168235468
0.1861313977435759
0.051144502121327304
0.4993202249100107
0.4010972260046322
0.5541508668725152
0.5727376861397477
0.44664219917464265
0.4916540343949141
0.040475656340475126
0.19263837062518466
0.12413982716609648
0.5727376861397477
0.061305313750204135
8.080818891027089e-16
3.908376149566125e-16
0.5727376861397473
0.5727376861397478
8.133962009658145e-16
0.07602563182882913
0.11156681651665812
0.5727376861397474
0.4699494253073791
0.5727376861397478
0.5727376861397475
0.5727376861397471
7.265104302193934e-16
0.5727376861397474
0.49989557447483685
0.5727376861397478
0.5727376861397476
0.21744033138414137
1.0518346374730524e-15
3.3587989941106427e-16
0.3161590873753415
0.04415933964166777
0.015004839641705963
0.5577911577108142
0.20287823163222068
0.337354784848129
0.4175871701179257
0.5727376861397473
0.08005385303141697
0.5727376861397472
0.3721046278804053
0.5727376861397475
0.5727376861397475
4.755244368145338e-16
0.358294060117637
0.5727376861397476
0.20737445580241912
0.48257672590012857
1.2263768878852883e-16
0.5727376861397475
2.2633875945349543e-16
0.24758367020220795
0.572737686139747
0.3704200730503065
3.551799895228293e-16
0.5004426087621549
3.412028171550923e-16
0.5727376861397476
2.524878816524758e-16
0.5727376861397475
0.20601246173002338
0.32716225554032125
0.44442016259510947
0.18317422527631091
0.5007015158729567
0.52493469633832
0.10853030080779154
0.5727376861397473
1.1405499603861448e-15
0.5727376861397471
0.3957871622437729
5.566182536061012e-16
0.5727376861397474
0.5727376861397468
0.5533666338543943
5.930266317257848e-16
0.09894095015975445
0.5727376861397471
0.3468154427958112
0.43665746491931134
0.5727376861397471
0.40013674778694264
0.10287606920403189
2.0331353541922366e-16
0.5195226889462116
0.23941196291655276
0.07978152069617853
0.3206248274599081
3.0693858216050254e-16
0.4728217113595314
1.1216725280916874e-15
2.9986985168514505e-16
0.3902428317822817
0.08257048204148365
0.01043090800632587
0.5481329201546873
0.4871627116921778
0.4206039859309851
0.3461682967475011
0.5727376861397475
0.42330779262472557
0.44791511014117985
0.5727376861397472
0.31357562639024067
0.5727376861397475
3.375557782057288e-16
0.2787939446427969
0.5727376861397473
0.5727376861397475
0.06397891633375133
0.1984856328847775
0.5727376861397478
0.5727376861397477
0.360265771796935
0.30946530417322604
0.1345966374972059
0.4600070693648245
0.4393575130004643
0.08266545193164339
0.5674018723234859
0.5727376861397476
0.41651535592655287
0.23617527210570902
0.5727376861397476
0.3986183798315014
0.5727376861397458
0.3747298463739314
9.535997392646935e-16
0.5727376861397477
0.19594469212512203
0.5727376861397453
0.39839727994612567
0.25269486829854687
0.1662248056020778
0.10058503585190587
0.21775997029767927
0.33144927206278146
0.4950053574588533
0.3924855446539301
0.4910990929205573
0.024984453049581353
0.5727376861397471
0.5727376861397475
3.548038913152525e-16
0.21044602824207972
0.36812215404481125
0.41987494861531066
2.5533407147559214e-16
0.011293569340271816
0.37241131151274737
0.5727376861397471
0.5727376861397475
0.4621418639301568
0.5727376861397471
0.5727376861397475
0.15228269338044664
0.3224862386314906
0.3981100113829246
0.1624294740715213
0.5727376861397476
0.17870343650089535
3.7162621799096516e-16
1.1041097264343652e-15
0.32175969160610846
0.32594069962879874
3.292223178696377e-16
1.541710593877508e-16
0.016880700179010232
0.007624626712124846
4.851935142139477e-16
0.5444243739572973
0.5727376861397463
0.5727376861397474
0.48503102930187664
0.35367077128334456
0.5727376861397476
2.0992188204592242e-16
0.13257503193804906
0.21872575673276004
0.5727376861397472
0.0803483494107228
0.5447562681468929
0.4653605859869982
0.43503319233964216
0.09869018386744732
0.5727376861397474
0.17638392925701388
0.5727376861397472
0.2149160037284061
0.5727376861397474
0.5727376861397468
5.588953327096908e-16
1.9670588529640112e-16
0.31637954105506777
0.20057679635649894
0.2464854255299307
2.541119330478951e-16
0.07422740758966155
0.5727376861397475
0.5605029600986952
0.01987265854850913
0.3743416280265848
0.4658043812369503
0.36654410543934757
0.09697839665976243
0.17582408992286916
0.5205295161938286
0.572737686139747
0.5727376861397478
0.5727376861397476
0.498149142181054
0.5158346518632143
0.17510179328226466
4.8114257658871685e-16
4.423008051455546e-16
0.5727376861397476
0.5727376861397476
0.5727376861397465
0.5727376861397471
0.3582108227298534
0.3213513933548506
0.4876753906405469
0.3455609589230228
0.17002579731940057
0.5727376861397477
4.207931731319931e-16
0.4035283128669987
0.3654366969910584
0.17707371896680804
0.2824994174709189
0.17510593760739204
0.1445818530458856
2.0904202547404744e-16
0.149091725950731
0.5727376861397466
4.1696703506129197e-16
0.5727376861397473
0.09006783214467856
0.38770750676767135
0.19771393650133198
0.5727376861397474
0.39952587224469377
0.5727376861397475
0.2697327276034036
0.3960182234389799
0.5727376861397475
2.2964353298272906e-16
0.34912354055417316
0.3121350711380187
0.3291652650526546
0.45528866890888153
0.5322775856045971
0.5727376861397472
0.08359533994255769
0.3995063185930274
0.40035380691486766
0.5727376861397478
0.48913575050784586
0.16640358640810243
0.24209530846357735
0.5727376861397473
0.21879688658212867
0.326690810305077
5.139705531202419e-16
0.38936032180750413
2.1688412118525427e-16
6.396426833395681e-16
0.4411242645277254
0.5727376861397471
0.5727376861397468
0.2501728688274563
0.47444099407721757
0.37467638989995056
0.5727376861397474
0.19775307221493502
0.22394231234181114
0.5495193669869416
0.37616384884714993
0.5727376861397468
0.2637173509809429
0.5027134865790684
0.4389887361035661
0.5727376861397476
0.13905759756681477
0.5727376861397475
0.5727376861397466
0.36001684286192065
0.4615966798604259
0.5727376861397473
0.15656919408502235
0.22073296768620165
0.5727376861397462
1.0147998214035264e-15
4.622995329992152e-16
0.23980648343393188
0.5455061016863815
0.5337443257799176
0.3192013845896603
0.3564164714480447
0.5727376861397467
4.472838384338424e-16
0.29098243462576023
0.39777528816946645
0.5727376861397473
0.5727376861397476
0.38517695809294517
0.5727376861397477
0.5727376861397472
0.43322609224825565
0.1689064627528916
0.5727376861397475
0.2530350201534537
0.2642124683113678
3.9465139172984093e-16
0.5727376861397453
1.2501591019302155e-16
0.026327282228970524
0.1227313247033201
1.8668225014265356e-16
0.2739949652269382
0.5283944863360891
0.41657480896890037
0.00029379656176368166
0.5727376861397455
0.5727376861397477
0.5727376861397475
0.3161827660464231
0.5727376861397478
0.47358632981840876
0.4589265681633134
0.18373759016496888
2.589521223729258e-16
1.058476362310489e-15
0.5727376861397425
0.5727376861397458
0.27045630276638205
0.20496283615536262
0.5727376861397473
0.39568240967813995
0.478615947703461
0.5727376861397464
0.17857018997970472
0.4994233500008937
0.5727376861397464
0.3238220309125947
3.365761116710594e-16
0.3977573478193729
0.24426290891757516
0.572737686139747
0.1688365232687659
0.29723602277549604
0.5727376861397474
2.010428792273718e-16
0.4790931308142496
0.4309474021357736
0.47143479091999985
0.5727376861397476
0.5727376861397478
0.5420316259635607
0.5727376861397477
0.02547318485339769
0.5440116282048367
0.5727376861397477
0.5727376861397476
0.3249874404560703
0.5727376861397474
0.1584074614692509
2.4827934544184157e-16
1.2179686671239807e-16
6.997787735150454e-16
0.12155737518803542
0.43111054675748955
3.7277396714460176e-16
0.3711046335816956
0.35979467857381714
0.5727376861397474
0.5688900734284381
0.38155869028216444
0.09222623323490989
0.20567973057377567
0.3696954783372585
0.32507924860822074
0.5727376861397471
9.195590920380259e-17
0.3934740377432496
0.5727376861397474
0.5727376861397474
6.013488150147815e-16
0.5727376861397473
0.30416815267387365
0.4199179634452629
0.5727376861397467
0.06980037296384169
0.1320124222298248
0.1261472070980833
0.5727376861397476
0.4088354936743268
1.2280240902749403e-16
0.00210506141081914
0.5727376861397477
0.246290817358855
0.5120970047902633
0.5727376861397476
0.4672560840654599
0.5616137504340908
0.018465923670507655
0.5727376861397476
0.5727376861397477
0.3566504683297535
7.462050837017924e-16
2.4497190314406787e-16
0.5727376861397453
0.5638446748336946
0.5624647561630021
0.41870062153650234
7.066249457229921e-16
0.5727376861397476
0.40841211437084696
0.42393085318501533
0.10822313695975225
0.3865320395486861
1.6348761207896718e-15
0.1849812596632145
2.9932386622830336e-16
0.5727376861397468
0.5135888424504399
0.04787122130925878
3.560058017976925e-16
0.5727376861397475
0.5727376861397478
0.567389532265451
0.29941959571466203
0.1971987364731296
0.009587605137356913
1.5683991599739517e-16
0.5727376861397476
0.40901233276839
0.5727376861397477
0.5727376861397454
0.23854252616255708
0.02869760530302991
0.06891307070170657
0.5727376861397472
0.4368275510553686
5.016773009337395e-16
0.5727376861397474
0.5727376861397472
0.5727376861397476
0.42497806101113733
2.789667448579348e-16
0.46933461751282896
0.2203612388430816
0.4236919285744248
0.29118844078779665
0.5727376861397475
0.5727376861397445
0.18998826993631687
0.03512098169339761
0.4600817650023501
0.5677623856450398
0.286070744609093
0.3924453343154165
0.3140000542319218
0.3951941162409631
0.5727376861397473
0.025840662028676048
0.05462576001308495
2.1532643745809866e-16
0.5727376861397476
0.22409688787355939
0.39579827391002254
0.572737686139746
0.3924887723188975
0.5727376861397475
0.5727376861397477
0.40547641610395724
0.5191539029589918
0.572737686139747
0.2153316576268067
0.5727376861397476
0.39439269076607286
0.5727376861397468
0.5727376861397476
0.3289725535341921
0.368501946218259
0.3338614739335554
0.3705488972554574
0.2820005572594605
0.29489738145703487
0.39366919117563504
0.466069829123154
0.06801437109523988
0.572737686139744
0.44393585538080566
0.1987453960425669
0.15240079480699556
0.5727376861397472
2.804443370344202e-16
0.5727376861397476
0.32094616288937305
0.5404927634410747
0.5727376861397477
0.10533116766985254
0.5727376861397476
