792
2.1765402196881732e-16
0.1888084974434157
0.5824468852870592
0.42276538620490056
0.5654641812837085
0.6646412814822854
0.5076614035962101
0.535543224051633
0.3043207085268523
0.2434977143478588
0.8018327605956468
0.7836241925803427
0.24919024529605208
0.459258643252277
0.6716528632759317
0.23942336508048936
0.42868573341205196
0.2743449818673947
0.5145764008046586
0.7759756432029825
0.7303400452418625
1.6210652361505996e-16
0.5524794670958103
1.5700711933486403e-17
0.3941819355997152
0.6678409015156095
0.7181909639790219
0.5493861567238882
0.4754079274889679
0.6477919221984667
0.49211813936629695
0.3950412037187101
0.6681724717000737
0.6700468884035906
0.2477239069890311
0.4838875297534188
0.09775318199063522
0.6645478596394999
0.7747843289462711
2.3434927749272185e-16
0.27434498186736966
0.4453888848116622
0.7968862830244889
0.18774533791432851
0.8018327605956463
0.7415116792125919
0.2588618402735371
6.887032648911258e-16
0.7162176992237486
0.5171648711989962
0.4465123039669375
0.2685155673619796
0.4676430556720738
0.1653051764949622
0.06621105132000728
0.6993833040158661
2.5982577294746103e-16
0.42232198563940393
0.6436361985705723
5.502335259137267e-16
0.7617024381679702
0.8018327605956471
0.5810956652060614
0.8018327605956471
0.6611986964878682
0.5355049975003084
0.8018327605956468
0.2311315394002359
0.24541379051508327
0.28090734004504647
0.14691471302169748
0.801832760595646
0.7756241325689639
0.5975582703407903
0.8018327605956469
0.8018327605956466
0.6035317356843796
6.472869878356601e-16
0.5971911326689772
8.342817492154039e-16
0.4597838320727583
0.12280063049477398
0.801832760595647
0.0518619521846936
0.029154026023527676
2.584982393450858e-16
0.3897395143015043
0.3785944830884164
0.6966792661812026
0.13644939971323028
0.5487712140979054
0.6108602162734634
0.6050063797061562
0.0069232904282830144
0.37699834429494655
0.7499197065751289
1.5452997386652927e-16
0.6148697642714119
0.6316114930119322
0.5479202098169158
0.3714428171364248
0.8018327605956466
0.029778573757709325
0.785137284223669
0.7593179118780283
0.8018327605956465
0.6677027663691243
0.7027447138901292
2.873506415781052e-17
0.5662805164290003
0.003078440329530199
0.7248990821953957
4.0908562432772367e-16
0.41902943218086663
0.119712905323099
0.3323891710985057
0.5945868572454389
0.7251549277746516
1.143503743910043e-16
0.5150235966022609
0.6522059726092269
0.712723485365147
0.5277615677825088
0.29250458223992415
4.66515964291305e-16
3.403495150644041e-16
0.48074674944779616
0.4227913890285341
0.6564983869630381
0.3334214027420925
0.4233625416703042
0.6112545163896698
1.9845672562712383e-16
0.32243856690136896
0.14214104331664115
0.6997948844262514
0.6468627232776413
0.2327364432193407
2.2581009068344917e-16
0.642019485879284
0.07319869060170493
0.20248768370150766
0.3904518136591703
0.3204238026153025
0.18275592623814055
0.5796713637764243
0.41972004371071614
0.29383544814607865
0.4104134815779723
0.33613403040447914
2.5686661015960834e-17
0.5563306337853252
0.566591461378478
0.017672084959671396
1.1285826709285092e-17
0.45705439647982266
0.7607026371101909
0.6394169100956278
0.3948295612098051
0.8018327605956467
0.638044184623574
0.7403176017452607
0.27434498186708156
0.46835899793986885
0.1955951150379242
0.09234843838306209
0.5056347014961023
2.0592695125930467e-16
0.38569793343948594
0.6347170713541321
4.261483037947312e-16
0.7550057959497046
0.453560756474919
0.24606551342509123
2.237191358200391e-16
0.012459936732127797
0.49788644645339103
0.3819053757092503
0.11656620276643302
3.057409783278393e-18
0.20392522496812968
0.17842518604863003
0.21162930597660948
0.10259439588302424
0.12381092085692502
0.3729453963142993
0.3318129217136115
5.925679659701099e-16
0.20759175884751874
0.4639658949655715
0.6232194100257034
0.7038528133376696
3.095485220441574e-16
0.6849821440974564
0.6895569869771117
0.801832760595647
4.039719793502793e-16
0.2837014607195495
0.5024381877242821
0.19001158932105555
0.12132321414380845
0.4019747881295796
1.8075567932613076e-17
0.6390388608077009
0.7003645377985608
0.42675411770367166
0.6419530204539189
0.09713428467324488
0.5153448681234917
0.7606757549111067
0.39128824227331727
0.4007973362969038
0.09453071091921478
0.2299293707253527
8.129713371929464e-16
0.29943292631475155
1.84361016291139e-16
0.45781496484812206
0.29857861945406616
0.204362744719026
2.1706837668267975e-16
0.611069340786538
0.801832760595647
0.37007839318477054
0.31107884575297434
0.683252753347634
0.006954273623426028
4.780890766326662e-16
6.092222854800162e-16
0.3065603678359446
0.6726429814726186
0.2711653999258448
1.5964640020037037e-16
0.6449314563904442
2.037190521318765e-16
0.3724328439511397
0.19272053385255036
0.3332293021632759
0.6997123373766837
2.953793810968023e-16
1.244124078452739e-16
0.371333350535209
0.195925823829526
7.235036765852139e-17
0.30241692279702587
1.0521718862058542e-16
0.6301645386418625
0.6372011383802715
0.801832760595647
0.28722397873460803
1.3102372304780668e-16
0.3906710826408677
0.0819135739472346
1.211491543702698e-16
0.6330207903764785
0.20874708447591175
0.6876001319812085
0.3599532687471042
0.4080329453568017
0.20437659391520302
0.30536797218467004
0.35040419201512407
0.42198789673409376
0.5835117572794475
0.5485873918278859
5.079251672796631e-16
4.539308350455957e-17
0.5639525000451937
0.44504262243208564
0.6887702579511673
0.5711133975373666
4.83671786963872e-16
0.4199131260799699
0.7214811865066004
0.16674730790058295
0.11071429746133762
1.57139404479364e-16
0.6565633589229986
6.233689488297614e-19
0.6597521346613454
0.28792175204986414
0.4743913267717561
0.7689172006849186
0.4603667056549159
0.4363703674165498
0.18132852396897525
4.815958721388e-16
0.014728941000299856
0.16880574783139463
0.6151449849065245
4.932247481361472e-17
0.6899949386082155
0.8018327605956471
1.5519007804456308e-16
0.801832760595647
0.10216915200077108
0.8018327605956471
0.6774662385823542
0.801832760595647
0.2807759769175756
0.14138824077335158
0.45267281091633194
0.6720061794712643
1.4393316934867095e-16
0.2979823470849027
0.16017524998942295
0.012896605314294833
1.267082054856811e-16
0.5162372667845846
0.4767094234529912
0.5426216445796582
0.617177897741722
0.46510145335476843
0.5064170183906918
4.751891114051814e-17
0.19343569030593824
0.06700204657944227
0.5846550429523969
6.445045644691925e-16
2.726100685271784e-16
7.829835979912126e-17
0.6616745965218489
0.5880207081299991
0.07782379747861438
0.11602316715365821
0.626943095925147
0.4863297627627869
0.654111203323588
0.7029084010354475
0.6604119300377594
0.6845089176385081
1.5638384005143283e-16
0.512023333043086
0.6978486132758017
0.7313287329481212
0.22345583154398152
4.948266798058574e-17
6.840388015297956e-17
0.3072446762521684
0.05231156711210862
0.015123773615397905
0.5776069934899912
0.21075189491741222
0.31516919654725584
0.4531325505024665
7.622673084805813e-17
0.36075240389169444
0.647300092924101
0.801832760595647
0.37150549405618305
0.6400449520265176
0.21293697364544922
0.4987698616667477
5.439772021016762e-17
0.6201814420713984
3.256842166655506e-17
0.2537882516028843
0.774351546691172
0.37859921933182994
1.0355178764934877e-16
0.46753512544391396
0.625239472544959
3.4447501096587826e-18
0.7988167776523197
0.21328452191385044
0.3094914970709636
0.42812101887160714
0.18932215155396692
0.4261979596393972
0.5425840504100534
0.04513393586478161
0.6685832128650717
2.687105960202791e-16
0.4092236605914972
1.3135261808784455e-16
0.6398431728588779
0.5737990258389689
2.7975912601722726e-16
0.7340560825962568
0.09764981435502493
0.801832760595647
0.27282242118483957
0.4525836944240459
0.8018327605956471
0.6489399625555227
0.17592121027367172
0.6220947089713764
0.16839908107547344
0.5250578512514141
0.2298867932493918
9.107479525502475e-16
2.3668308627798553e-17
4.941314210519263e-17
0.40419047214235376
1.6265809907643512e-16
0.39910528766664716
0.0007901681746690761
0.5669554499707592
0.5109816662601546
0.21617276563072885
0.3583538384456944
0.6189335011964973
0.4053123157432232
0.46354068350724525
0.6272902574259986
0.32038541761410044
0.6603190085684576
2.452449393927462e-17
0.054330497048526445
0.7749822989933848
0.5458967044284244
0.6856167164292447
0.0357437811154608
0.1864178024302325
0.5913488444279383
0.7041256389059063
0.1830914576573895
0.3183300557499164
0.801832760595646
0.10725952818836
0.4756711235053295
0.45501218538845417
0.06966115940137543
0.5857041240546391
0.37843839065082685
0.2529580312752237
0.6607439616846542
0.16552148543880274
0.8018327605956471
0.38730687189197177
5.758833608489978e-16
0.6524124893169131
0.20290287589467418
0.24978445464980145
0.7356642690276735
0.41360412533666874
0.21292758854789762
0.12224166531578202
0.24301752762594306
0.2054616845567672
0.5120099905008773
0.4046931286195777
0.3423638117933881
0.026615536144911946
0.801832760595647
0.6996374066323384
1.541280635650526e-16
0.46329560001387105
0.37709770940894183
0.476034907712188
1.3493478280556846e-16
1.4001896628175475e-16
0.15652224256611597
0.6330999742724923
0.4824859927895635
0.6503564338350637
0.6447244742031117
0.16323974464538712
0.2957429463688656
0.4088803342131008
0.19939239222459457
0.6135462030715286
0.17241717234998444
1.030446125102548e-17
2.054562779039555e-17
0.32198838843672917
0.3513887278726903
2.4011207867853935e-16
6.572625511939473e-17
1.1617305196854792e-16
1.0605749773149786e-16
0.5719268750392833
0.5966847364530393
0.8018327605956471
0.7241578618385904
0.5029273337707424
0.367055523404043
0.6125242333370755
3.4457266611148777e-19
0.13079608184416788
0.16624770336893513
0.6327308711215942
0.08828446758209513
0.5644237352198793
0.4691884460581316
0.44984264226575355
0.1325029875447524
0.7738552144765427
0.16900941000870742
0.8018327605956471
0.11504864061033039
0.711985399037313
0.7488731100853833
1.136616770042354e-16
0.33108338382170055
0.22456713959506214
0.22072797049594253
4.632495548566911e-16
0.09494599661221373
0.5774196520654592
0.018772640522154372
0.3587746351519197
0.49313673460642854
0.37766771879440647
0.10456595363232264
0.13608824067631234
0.5371705495497772
0.7519738499867237
0.5761370897778096
0.7615971093866657
0.48031586426820827
0.5317980620295282
0.18132129967709817
6.176544106868992e-17
7.483860588886294e-17
0.7630796514323902
0.7302618642264216
0.7657092760360344
0.20809923674189498
0.2557437045970296
0.45129592111839917
0.3631213682155254
0.17610159301483586
0.6367247758431991
2.5237243061924275e-16
0.40238233387139094
0.3784597226961226
0.1840037867812993
0.2934379814931628
0.18133232253753181
0.1401311553317937
1.0608892866506168e-16
0.17135542489967248
0.801832760595647
0.07057598391409356
0.38437851455681793
0.204380699968243
0.520097646254296
0.38321585449329265
0.6548443218053857
0.2782179976815783
0.3925191228047149
0.7491547818933981
0.17374865986556134
0.5520393502909966
0.3271325171029074
0.3332378333139456
0.460841690798119
0.5479323710575971
0.801832760595647
0.08719977296673008
0.41669906112715727
0.42096343321168217
0.6305518182920683
0.5068543683227082
0.1397348446929152
0.24552596475495217
0.75852719923161
0.3400946717262828
0.39582830870460906
2.0221164446583633e-16
0.45638879177558117
0.7594435312147895
0.7740602889297229
0.2616887496276617
0.49880353143487044
0.3874172989680052
0.5366443951466853
0.20444166349547704
0.237529338043937
0.568370785655705
0.39009752455392166
0.2630624439617094
0.45522187465384445
0.38611251201815755
0.6903349775584905
3.8918875714782e-16
0.7551658878882912
0.7513278651396866
0.39105971587692717
0.4791194726736256
0.7169738292370174
4.078844344098479e-16
0.10377735894298797
3.31622760161897e-16
3.2021833782768173e-16
0.2477235300771801
0.5651965240487223
0.5320268157819457
0.30050448794337603
0.11642663314798313
0.8018327605956468
0.5038418367697015
5.281772711085292e-16
0.049053224630821145
0.41144863591711933
0.6924727121715105
0.690930363505068
0.3260166336685333
0.5646802960410315
0.7161784255593808
0.540385822642945
0.17080792496170882
0.6417390853143439
0.26111168483952896
0.28403191687223234
1.737559501184146e-17
2.5002308222469117e-17
5.4696184909228595e-17
4.3421042636976145e-17
1.169054223544691e-16
0.2850434158834779
0.5449757011199435
0.36390195069448994
0.8018327605956468
0.6469178805009467
0.6805799301571657
0.327222987616277
0.7340836611809951
0.599675713677717
0.47616921298041226
3.90561822381928e-17
0.4657689459015234
0.165894475142438
1.6559491805028957e-16
1.0027891400557593e-16
0.8018327605956467
0.801832760595647
0.06287645581445833
0.17422358715286626
0.782086313589234
0.4193646506118224
0.4730297075678055
0.6063277579511994
0.5167167642541239
0.8018327605956457
0.7231504447787024
0.22135284216998227
1.6170680619398582e-17
0.41147219867819146
0.24604707471820678
0.8018327605956471
0.1798138497819526
2.4328759848072277e-16
0.646748383851404
1.6940834515695939e-18
0.4861221941745826
0.44328991617161845
0.1510175829905901
0.5607028948760984
0.6078681781268772
0.025804771550477324
0.575870344687769
0.7753540198600439
0.743800422393043
0.3410393255152613
0.6289550337293993
0.15852478459871217
4.905731830011545e-17
1.6062603897174124e-16
4.8375676357273545e-17
0.44627752307681373
2.0173807129442692e-18
0.38266597181033046
0.33235603648784745
0.8018327605956471
0.4751341214890088
0.4016027820688724
0.08897009722043628
0.21283157372784076
0.3825788499746362
0.22534213530978728
0.8018327605956469
2.066304143986446e-16
0.43016849121964584
0.8018327605956471
0.6727775360734667
3.361825447679953e-16
0.6342126093416923
0.09606832181562185
0.2696125259923854
0.7869078236431618
0.07434242772056439
0.17261214327653027
0.04391413765384934
0.6654755791833936
0.14619106752317862
7.435629268705908e-17
8.917486250365099e-17
8.935363375075325e-17
0.6419944913745174
6.505194074151093e-17
0.24104212318868729
0.5092278825606165
0.6069010717368805
0.4411318707273625
0.5803562542267602
0.005768203831885727
0.6369469160702967
0.5411186273450755
0.3716397619411634
1.1598043188195372e-16
2.3683627197323143e-17
0.5784355196584086
0.5818649533027115
0.3076974331532819
9.882881515042679e-17
0.6563824902710659
0.16942077589446625
0.44099989082673974
1.5560274732211185e-17
0.0916113919226175
0.40628257403550533
3.7638928334677253e-16
0.18991549853949946
1.6680156261708548e-17
0.8018327605956471
0.4768537500230974
9.641647884420377e-17
1.4105415949876647e-16
0.6065184894325887
0.5959903141651329
0.607560706924181
0.2810221698146577
0.07000885736595318
1.902413663882388e-16
0.6379348865490699
0.4022927155572095
0.598212243959541
0.8018327605956471
0.24604642167372973
0.02810116969803417
0.07059753332920017
0.45592129210993554
8.013019885572119e-17
0.6281553827924838
0.7790266682894346
0.6338963221705527
0.4430892506212024
8.136169714649773e-17
0.48603045985626125
3.043986780816198e-16
0.3595012556893359
0.3008773394166507
0.6059752414055174
0.8018327605956466
0.19666134132514065
0.4299031928411751
0.5873745378123274
0.2983608473328205
0.40713844943611893
0.3252930316802192
0.3780141188173094
0.7794278449971519
0.029045170580433738
3.4500962714563466e-17
0.14410142015557934
0.6674319666017611
0.2466741355300091
0.4092533810889553
0.6830600505038843
5.287314543774837e-17
0.40471952872435346
0.6564456264251066
0.6016028512136957
0.41827214433554943
0.5313131529514444
0.792850435495526
0.21056397369257643
0.4041482247061729
0.8018327605956471
0.6528096151940974
0.33813549237256724
0.3627648155053013
0.3251490684534746
0.17313263337868318
0.2719186736806875
0.31356409378933053
0.4288342709266781
0.48250646727983754
0.04961424211347111
0.4629996944969884
0.1997760424172268
0.14198339999527304
0.8018327605956471
1.5208429430321367e-16
0.6311416946090765
0.3320400042501826
0.5047609379998336
0.7297417096348341
0.5483737253786167
0.09716702871281359
