259
4.6970622019747154e-14
0.11454753722783256
0.11454753722794953
0.033834390956866946
0.0871482619131439
0.11454753722781427
0.11454753722771044
0.11454753722781642
0.11454753722793924
0.11454753722773556
5.246963774881e-14
0.11454753722785617
0.11454753722792027
0.1145475372278656
0.11454753722780009
0.1145475372277393
1.210207349091524e-13
0.06261618672635812
0.11454753722794318
8.62348361948966e-14
0.1145475372279121
0.11454753722787145
5.206344289270461e-14
1.1147076184155223e-13
0.0963170823653157
0.11454753722783016
0.1145475372279049
3.609371522149734e-14
0.10429470974596113
0.11454753722794597
0.11454753722783305
0.11454753722793523
0.10656372591483505
0.11454753722776327
0.11454753722785188
0.11454753722788853
0.10821915788735702
1.229088836823575e-14
0.11454753722773098
0.1145475372278595
0.004580367012276825
0.03825896363727058
6.305336648506762e-14
0.11454753722792428
0.11454753722792402
2.2146648621552756e-13
0.11454753722791665
0.0316329499688944
0.1145475372277947
0.07864835991820462
0.05492075834193604
0.11454753722793955
0.11454753722794031
0.11454753722783047
0.11454753722794767
2.701800547609858e-13
0.06463442551163857
0.06818960501176338
0.11454753722780642
0.03534169917870913
0.1145475372276926
0.1145475372277185
9.413520256190599e-14
0.11454753722785278
0.11454753722789975
4.0867521593134933e-14
0.10261745503572389
0.11454753722792882
0.04685874102253545
0.11454753722791257
2.2254839208821067e-14
2.744438294603354e-14
0.11454753722788939
0.11454753722773084
0.11454753722773874
0.11454753722769045
3.345731235368572e-14
0.0681852738424798
0.11454753722789975
0.10968735156045549
0.11454753722787368
0.11454753722780675
0.11454753722786987
0.11454753722775718
5.880579949437677e-14
8.050728479817599e-16
0.11454753722788738
0.1145475372278504
0.11454753722788903
0.11454753722780017
0.09414832141408622
0.11454753722782363
0.1145475372278221
0.11454753722793767
6.220341780087013e-14
0.1145475372277909
0.11454753722770394
0.11454753722794633
0.11454753722778174
0.0003589475292252588
0.1100229917357407
0.06569969350007986
1.3649587586062725e-13
0.10817223701000404
1.0569534173322952e-13
0.11454753722794624
0.0513513211831409
0.09669354195618787
0.03395695967527951
0.03808060486115833
0.11454753722793105
0.11454753722782729
0.11454753722791783
0.05249534949480496
0.11454753722790369
7.479679984972815e-14
0.10745231957222239
0.0059767405344874815
4.278029124753254e-14
0.1139840932432103
3.69324264190396e-14
0.0691738665071065
0.026128636845492884
1.331462988541316e-13
0.11454753722794779
1.0010855265754129e-13
2.6669645882927686e-14
0.11454753722794146
0.03031569343153169
0.017025148777091364
1.1783334285730821e-13
0.03641428003489806
0.026646127582808377
0.11454753722772848
0.11454753722785467
0.11454753722794343
0.05143030131013596
0.1145475372277335
0.1145475372278489
0.11454753722792378
0.09623332005732768
0.11454753722787907
0.11454753722790001
0.11454753722791673
0.11454753722785364
0.06484701002693576
5.9743557554763784e-15
0.11454753722781758
0.11454753722789406
0.11454753722793218
4.0839915125719483e-14
0.07626640522478119
2.959178126876263e-14
0.01941818429149834
0.008934297113953625
0.11454753722781555
0.020225410185884387
0.10739986403750668
0.1145475372278171
0.09475852575602535
1.0139790083678919e-13
0.11454753722793042
0.11116549483230906
0.11454753722794782
2.488053502096778e-13
0.11454753722780905
0.11454753722783803
0.1145475372279055
0.01717161142502611
5.501162731763971e-14
0.11454753722770263
0.11454753722772829
0.11454753722788395
0.03770190196792906
0.11454753722787751
0.11454753722791329
9.320915719649819e-15
3.953920949413269e-14
0.11454753722788584
7.28898394366661e-14
0.11454753722770808
0.07366072850972184
0.1145475372278274
0.10904116358646135
0.11454753722791793
0.11454753722790566
0.0202814869346104
0.11454753722791909
0.11454753722794167
0.1145475372278665
8.562510825205303e-14
0.11454753722781921
5.873275113184358e-14
0.052629120715784655
0.11454753722792438
0.0719175841743534
1.5872222473506107e-14
0.11454753722785593
5.028191295006494e-14
0.08408253699096385
0.11454753722780785
4.392515606126875e-14
0.03977413582990084
0.11454753722777342
0.11454753722788585
0.11454753722790517
0.11454753722790975
0.11454753722794528
0.1145475372278999
0.11454753722791859
0.01599803667687149
0.0796198386101125
0.11454753722774963
0.11454753722794667
0.11454753722794567
0.11454753722789583
2.0901357754563791e-13
6.733435874407773e-14
0.11454753722786426
0.059386626050571024
0.102785516144424
0.11454753722782021
0.1145475372279417
0.023799553775809754
3.823161268218959e-14
0.08569006868916988
2.225539598659399e-14
0.11073546322940667
0.11454753722782395
0.1145475372278285
0.0873608916482071
0.11454753722785067
0.11454753722794182
0.09773158098180246
1.1496681369613355e-13
0.007828423266866348
9.356411416548708e-14
0.11454753722793182
0.03658288345467256
0.11454753722791257
0.11454753722778314
0.11454753722793724
0.11454753722790989
2.3781394195114675e-13
0.1145475372277546
2.020250745890388e-14
0.07813250108000229
0.11454753722786444
0.037001393522952675
0.021649277511669878
0.11454753722793454
9.457534326285481e-14
0.11454753722782719
8.174948931832185e-14
0.11454753722781325
0.102591835636659
0.10538937048807785
0.11454753722771571
0.11454753722791944
