599
2.706033835870298e-17
1.884107832012754e-16
0.4497866972617646
2.0740691815824403e-15
0.3747978704273155
0.3603946783985313
0.3148850914492134
0.454642892544813
0.02500900100774048
6.820371532982362e-16
0.48754325667093046
0.5524210113933918
0.1618227795546062
0.34883834234807026
0.5727376861397475
1.3313717618324172e-15
0.3106489499056694
0.27176793188562937
0.30236406939407523
0.5000566425510041
2.5825769778723767e-16
5.236417039909936e-16
0.30954085584870106
0.40397652318734034
0.5727376861397472
0.3124355003674474
0.40882152053248366
0.4204765686048512
0.49572865547728895
0.1329122321479478
0.17404761501028343
0.40039785579558335
8.32466455173042e-17
0.4023412037922927
7.978998162557007e-16
0.0628322880727972
1.8983453386401786e-16
0.57086612780661
0.21615372511725872
0.5675109122645657
8.147490056629406e-17
0.2717561973863308
0.20073684146466683
0.5727376861397477
0.1710226242332748
0.5727376861397475
0.5077028316900588
0.3111357488530647
0.5204409988049981
0.03757752461919606
0.5727376861397476
0.22173154012860388
6.409664181075224e-17
0.3341455357729286
0.07786507393521121
7.3416191597561005e-16
0.2834000616927326
0.501943436033482
2.1237118463671258e-17
0.005787722269598517
0.32696256062438084
0.5582224322988588
0.4568570916273484
0.5727376861397478
0.1043001902703067
0.2607412285999172
3.5761737063875375e-16
0.2359688429906036
0.492702574643777
0.3274870514924173
1.790570353019843e-16
1.876013996505309e-16
0.278585154093793
0.518526117526244
3.7829574357435453e-16
1.2340134134252648e-16
0.12352624087922287
0.2229598136072043
0.5522010893275481
2.726917543748791e-17
0.32903747356812857
0.0623137616964622
0.41681219362613187
1.5207014445350707e-16
2.939144188889281e-16
0.2941571071409894
0.4999587573387268
1.5553408089689969e-16
0.5727376861397474
1.5510138277185835e-16
0.3652059843977013
0.5727376861397476
0.3117517054241158
0.45120736259182626
2.831748516441103e-17
0.20358006584411206
0.5132333220131596
2.7130365104922995e-17
0.3849918828298025
1.3800354455664647e-17
2.823668364746371e-16
0.22312843912028257
0.5080362378203156
0.5385337859645999
0.44850959361948034
0.42080757871557506
6.009319165435033e-17
1.1897734354589148e-16
0.16856615564097815
0.4388553619133855
0.43561735536735524
0.259061244636936
0.25214977494074037
0.248485189314822
0.1228656847045937
0.1173797744126146
0.26847701116858075
0.04802345045080301
0.5180567168301493
0.16398014010132253
0.5664645975685589
4.933517112234666e-17
0.06959355719130211
0.10485171380105532
2.613282901916411e-16
0.15141502913879412
0.1883706173224575
2.1851650133504637e-16
0.09139541406610639
0.019475301160317326
0.27454541681386835
0.45682320663282394
8.963474873174299e-16
5.304781826053163e-16
0.10955860067959351
0.14778107773908844
0.5727376861397476
0.448644036492308
0.10671051490101408
0.5727376861397478
0.4160997062873895
0.2717948772562502
0.3451851660063867
0.20225758054265536
0.1687896115684086
0.28403556714441164
0.12768802336156243
0.35391409924890294
4.447070263585314e-17
0.3497656577036193
0.2598447411785491
3.1655175841948317e-16
0.3651442668324995
0.331302361838812
0.13342873952155507
1.0321494876822533e-16
0.009000031275248075
0.3459219815462659
6.229711594417625e-17
2.83546627193989e-17
0.3788825927864892
0.4903750942766863
6.577743025157789e-19
0.4874123857815326
0.5290831806320241
0.5727376861397474
0.2703505148429379
0.02613127137688774
0.17381929312361022
0.3084914661000991
2.483139769191049e-16
0.43542942345061075
0.4348830875060826
0.26663672209284506
0.5727376861397478
0.2936363547200601
0.16363822584172744
0.15862634222733363
0.17175403864624914
2.0479245394948243e-18
2.458031482643491e-16
0.22643264430874033
0.06583653132543234
0.18782727135867006
0.3578966274212487
0.5727376861397478
0.22098453622030062
0.5624247976647707
1.6232444776410175e-17
2.769451249879623e-16
0.09885348769872575
1.2677921071898558e-16
3.7022921255050613e-16
0.5727376861397478
7.993216246009612e-17
0.05472012331732143
0.18657694163056135
0.40790723236420595
0.171170024849722
0.004960665742608118
5.333384241225913e-17
0.074737767731819
0.23539611016302467
0.5727376861397478
6.746267613428823e-17
0.33913027243084926
2.6142111356511112e-17
0.44139970250652666
0.16329858459064167
0.20640000200502717
0.5727376861397477
0.18782366997300767
0.2340227106128878
1.748629050284357e-16
0.35374557636713205
0.23011218949753692
1.0540234146181541e-16
0.35183289946095453
0.2850580306381316
0.5727376861397478
0.2089787307258275
5.263192511900481e-16
0.3123753256770843
0.5477450790108949
3.9380744186626046e-16
0.4604196623542058
1.6111479085095907e-16
0.311660495183987
0.38190979415396686
0.38409020029346913
0.01788329226485072
0.17398541591391284
0.14421043210292125
0.5600819084909296
0.5438533488908889
2.0867685075903518e-16
0.5474584572233375
0.4000259710209209
2.7131281449199424e-16
0.3438535851237561
0.2982095289615658
2.2783048309811464e-16
1.0981732422309324e-16
0.36204308852126105
0.2159635335340237
0.12452997932908026
0.15962152519129214
0.23770554832031882
5.984642960221556e-17
0.017395504593079546
0.39883933880481476
0.23683164008787033
0.4374962996977468
0.5727376861397478
0.3967933562059711
0.473066245299402
0.515474783586214
0.5662210846061679
0.4357916209214792
0.47583959498349576
0.5727376861397477
1.0997447498001535e-17
3.364650182663777e-16
2.3687572741692134e-17
0.51805641484156
0.09802768347038524
4.559884772013562e-18
2.977835748498806e-16
0.3054643530093272
0.4603558586890946
3.259298190785745e-17
1.2698149055582422e-16
0.35907328326374455
0.2386325948442695
0.5568507413104424
0.18810562463327665
3.3206440464137487e-16
0.21692899509854438
1.5849451180104048e-16
0.30422672764928393
1.8755865658463653e-16
3.2226936008656084e-16
0.023477268472580096
0.04565686799659157
0.06515549414415361
0.30741735716522683
0.41534150507636636
1.5857910046155899e-16
0.5727376861397478
0.3785793346180972
0.5062293149178179
0.5715785735426843
0.46767706953985744
0.4357902551714097
0.3146247210103225
0.42163046915693075
0.2599646209775503
0.23038410760252728
2.6810420503205027e-16
0.1641093330154124
1.8804368336345347e-16
0.12524462262798325
0.05303761783417827
0.4347810421253834
0.5195555380984468
0.16568960257098522
0.20849904536055328
0.5243113083197171
0.09346703546635786
0.20331090428418666
0.36747806546746686
0.09194108791195459
0.5727376861397478
0.12735413298950055
0.5643162702725796
0.4823736655220218
3.8065407486399905e-17
0.34102437689184995
0.5270130208533738
0.31319319845948684
0.0943251315613539
0.5727376861397458
0.3209723965841909
0.3132030279770164
2.1033659848239127e-16
0.31144479133179637
0.26790423682328157
0.40050430541412724
0.35495311528616846
0.5727376861397477
0.11004201650700045
0.2185577446698064
0.5262993759940986
0.12075653711024385
3.5578426919434824e-16
0.11812629287831469
1.3477775986283671e-16
0.14903401477564002
0.39582165886279047
0.35993971508452816
0.10202544042076388
1.385559519852034e-16
7.50926928544933e-17
0.29287499583408766
0.19347358781772875
0.27424607334572315
0.021091401285216506
0.48756485143213696
0.03484166698042247
0.37763847343191664
1.2257983784319095e-16
1.2990081209757043e-16
0.2686970752572916
0.23563242566307563
4.5191470172323646e-17
1.3568077326312484e-16
1.8840750950613434e-19
4.7323767390313696e-18
0.360007968616062
0.18289019278056082
0.5609460956827422
0.5080729456465661
0.4073278570514934
0.4386895537669412
0.23500363250740863
0.03213992793762825
0.411638662452688
0.5086297406725211
0.17340597248098052
0.202048184139842
0.34454354344409605
0.443033295775373
0.3148493804154858
6.150139821309713e-17
7.135920284363401e-19
0.1335385049607501
5.1936886286215623e-17
0.18506037287921306
0.35449961532166174
0.19570644500719556
0.46727483660734087
0.22168612492346207
2.018099260846539e-16
0.24374326229883697
0.5727376861397474
0.471007490988424
0.09764544184231803
0.25421852061604255
0.17397255653815036
5.264576408555126e-17
0.368216029872866
0.47346366563977543
0.027601471519073086
0.10058118639205267
0.40205061001744735
1.0081140782941769e-16
0.41934823501091995
9.043907623215887e-17
0.02938761452427711
0.16582902238463712
0.1804089493995321
0.22520701319860786
0.1739741396417797
1.18577841043358e-16
0.2975061414635373
9.645680062582224e-17
0.18781119246487354
0.20907843711970564
0.18186248350671008
0.440204825177559
0.0876536274541472
0.2687259413366579
0.3876792383911207
0.1476573571179872
0.18659181434048866
0.23489899355152458
0.5727376861397476
1.557536101639819e-17
0.28886248408562704
0.5012756543289533
0.3638326176695716
0.38601825441998877
0.2036860735321021
0.17921526959254225
0.03086049848434899
1.4733130581746821e-16
0.22587442033046448
1.1360399243275516e-16
0.21214189069720854
0.49177842118748505
0.019076937918873632
0.407342082888405
0.17171529928922985
0.32532760866030924
0.1887379597481216
0.1417240639681806
0.2657383941733379
0.2847908583884474
1.3734577949516214e-17
0.01737889285178811
0.4405655069788612
0.4849618601963759
4.1986341377466217e-16
0.509958672799738
0.30120096074194685
0.14347088889836576
0.2068330733343678
1.4403996388631904e-16
0.008725521933024671
0.3915908592446628
0.38859711665319197
2.9296079021569964e-17
0.005471657000699026
0.10950147054759013
1.9496670597154062e-16
0.06899888464514944
0.4047378110199593
0.4987767272786048
0.5330955221566925
0.17198973696965725
0.09054871972501387
0.5299992974382653
9.401597689123119e-17
7.422088923722336e-17
0.523535635327947
0.1142523641379222
0.0031278709547772404
0.5727376861397471
1.7032513628388442e-17
0.0380566146758843
0.3143721307845559
0.37114978800681825
0.07365793530717736
0.5727376861397478
0.14626556866901097
0.504968160928062
0.19961202272078388
0.18968641962117253
9.074113362527997e-16
0.3101069589500582
0.3218518394421278
0.4324122239509745
0.4176884268974688
0.4585583990569487
7.647482228602176e-20
1.2713311932383018e-16
0.4047518425866592
0.09836683111676503
0.5727376861397478
3.212365507044676e-16
0.5108932975570104
0.27214853630854086
0.28777903695116724
0.18709278296089998
0.5246875824067238
0.3843804393210367
0.43397136272353853
0.5150742600518436
0.12330568497391324
0.3087594672701759
1.8206493098584284e-17
2.613312642376489e-17
0.18043679719174968
0.27504850329820824
0.10036461610761067
0.4585775245916843
1.0271325461025617e-16
0.3333349660846659
0.5372485930418497
0.1614352176241566
0.5236292545351833
0.4269968469622158
6.583927573259814e-16
0.5102288038911055
0.322710441418778
1.2954512448042785e-16
0.05762303940878631
0.5012101571787574
0.21339379471409572
1.4979627838495414e-16
0.28944204196228074
2.739764960389443e-16
2.2634154734798302e-17
0.5376347751490433
0.47890072730787375
0.3822619931929978
0.5265769349478879
5.2626208139311826e-17
0.4978227522315384
0.21689838587481464
2.910308037352253e-17
2.5154611434461074e-16
0.5727376861397478
0.3610909714580001
0.4625649177671213
0.11342085098387744
0.22464039840932265
0.26107339022783854
0.22341184524387372
0.1589230647500635
3.495561114627269e-16
6.654923875128928e-16
0.4460628096675168
0.11051141943274842
0.3794260174366006
0.35778053590337494
0.22861025835248347
1.6067793571397159e-16
1.3037386810504878e-17
0.5727376861397478
0.2023722583647406
0.4255454311475842
0.2598436726138279
0.17391280943396878
0.5727376861397478
0.24587553430761885
0.47640407417665653
0.4208592056389242
0.2719397542058313
0.4287415162359986
0.005852634437220258
0.31629113588113145
0.13659012453358724
0.28634137716880914
0.0694540444458139
0.36826055070667485
0.35290900825133675
0.139934744398008
0.17123577829117773
0.25626968075578427
0.5095231965085621
1.468829154439765e-16
0.5321704478484031
1.54840563057159e-17
0.3784984030550878
9.930313808624118e-17
0.3599427878643678
0.3249575057799328
0.3559587506432093
0.39566569174814503
0.36483450512764004
0.4960547667814732
0.190585959170855
0.5727376861397474
0.4733265105677056
1.268950864713279e-16
9.571090518286335e-17
0.1765749695950428
0.2605316737317929
0.1740699074258131
0.5727376861397477
0.24519141441608946
3.7838406137533265e-16
0.5727376861397478
0.040765664691300524
0.3625447700126777
0.34444370640064054
0.5227922047589398
8.332184994572078e-17
