821
6.641557520729655e-16
0.4415667153791489
1.2220904164412363e-15
0.3802748313755529
0.3341388256345995
0.3196066489692686
0.46091956515396243
0.021621384248036654
0.43436262288432487
0.5786504405558685
0.16275665098208153
0.35722911849792166
0.6364020550274623
1.03029209937078e-16
0.31801253395333906
0.2755968557302373
0.28787324889383875
0.4827570652605511
2.2702128970028487e-16
0.8018327605956445
0.8018327605956466
0.3139593430377434
0.4048410162354383
0.3198649053623566
0.5811311780160974
0.41475757962214455
5.639717467200853e-16
0.4261567972004938
0.8018327605956466
0.502065664079734
0.0812905773962479
0.1699797461708411
0.32423734114340363
0.3672816921111232
2.765747379841095e-16
0.053910686297032155
3.9466179249287605e-16
0.569309782226555
9.196904168820427e-16
0.582862194336015
1.0829767913975347e-16
0.2755938141091462
0.20421709357864698
0.6471814130795278
0.09818706183844833
8.425892427535414e-16
0.7252057904096703
0.5138960712277263
0.3116680607582202
5.089202204650421e-16
0.5244128030459712
3.039536307272129e-16
0.5979172341356608
4.996269496016314e-16
0.2249889781432538
4.410889365496157e-17
0.34833393416805514
0.10709240426916142
1.370359613467634e-15
0.7084475350920457
3.4764394215785766e-16
0.1446945440540608
0.5065287638257768
2.2493932094627742e-17
4.792536764846624e-16
0.6683684732444003
0.8018327605956466
0.3337533459674448
0.8018327605956467
0.550549337930082
0.4635514026811751
0.5446056913098619
0.684606739028017
0.09798678329200494
0.2626787682090071
0.8018327605956463
0.7102499479221789
0.25844066640121993
0.4937560715378708
0.6002986120527614
0.1486679582145983
3.3174004533698657e-16
0.8018327605956465
1.6750292999133528e-16
0.273169534932281
1.703641485713385e-16
0.411424150673031
4.338094167951238e-16
3.0679753338630645e-16
6.044066948464527e-16
0.11194040577685614
0.2263389529827256
0.5587626653657499
1.3893053049939619e-16
0.3334881332175067
0.05900621090800063
0.35690106146814454
3.733150881455323e-16
0.006176608436185735
0.6036471821989875
9.090107566816692e-17
0.28299554194743803
0.6527586343067575
0.4847018815958551
6.525566696287969e-17
0.8018327605956471
4.603520410006716e-16
0.7129297325533686
0.3607991379584136
0.8018327605956463
0.2668664201750283
0.4426422979202305
4.155939446372378e-16
0.2056824265531176
0.5158471517171181
5.643160055181968e-16
0.3914259502849162
1.9403436366969753e-16
0.24447536948815837
0.583087494987769
2.721530757879425e-16
0.5152413774991674
0.781383809567865
0.5466606163644321
0.43106317109324527
1.6157053107147204e-15
0.4242711632346387
8.587245814270026e-16
0.43633310263749003
0.4420160798081216
0.2507771907631872
0.2535594992724314
0.23691992495484912
0.12345450743591957
6.595835340291223e-16
0.12821861501547882
0.5252836686695829
0.11790363928601676
4.2085806503801363e-16
0.5745196307142842
0.05748776459446251
0.10517920285038677
6.181357005147002e-16
0.15361261131044482
0.625063337927419
0.17103336821801735
1.7733063638616735e-16
2.5070820854983923e-16
0.09459808061514499
0.02112655542360139
3.9393354351694527e-16
0.2898044105112778
0.4629674466464545
7.679962709651975e-16
9.361614709375131e-17
2.480086780401719e-16
3.1035322343026734e-16
0.14983421282982073
0.5942867006137403
0.4529559253830606
0.08240330903280665
0.6101559467951428
0.4211867277362703
0.6739015745196263
0.27557106333068104
0.33686940977434177
0.2066311001015572
0.14806439249720235
0.28000186071298283
6.713281132537876e-16
0.12943090331360776
0.3819207093216884
1.2873452323464845e-15
0.6353351521887337
0.3469451934667202
0.26208271465667093
3.0901358560432914e-16
0.37135251817476467
0.338562093625225
0.14061910253146928
2.841372575424739e-16
2.351424721191743e-16
0.032426484163178816
1.1761136531474927e-15
2.2117577699119063e-16
0.3489818805718788
8.979334906598592e-16
3.6062186787622186e-16
6.023854589334444e-17
0.37781986953648855
0.43896044973343495
0.6259090568883892
3.05133519491177e-16
7.599026912685728e-16
0.49422603753962707
0.5312979664768401
0.8018327605956462
2.0510234607752122e-16
7.048855085705629e-16
0.18906130860624873
0.0484477021200222
9.663619450574007e-16
0.3189389821950419
8.260979990813437e-16
0.4415643974679658
0.43836677795137596
0.27042343883806913
0.6551219586139286
0.29845631381694
0.6054903957073011
0.1661874820233952
0.1617550410825281
6.327507056358818e-16
0.1742903279689653
6.215862628270058e-16
1.0559442023483143e-15
0.18726559834804735
0.8018327605956468
0.038854032146567304
0.19061554072723325
1.1215408446237291e-16
1.1072786915746197e-16
0.3624152440582803
0.801832760595646
4.758174494597655e-16
1.0385917804306605e-16
0.028912909618790013
0.5631464640992696
2.0235613928007967e-16
1.1254894810553363e-15
3.3858698583843124e-17
0.10205336374968271
0.5359756224957727
3.02481195015296e-16
4.2265282288092783e-16
0.7823962933376646
7.414282595349894e-16
0.055182780434246514
0.8018327605956467
5.475874229755683e-16
0.18887353130253348
0.3861661061020584
3.4997913291640193e-16
2.631280324201609e-16
0.18446617658873332
0.013888392119814968
2.5988352842516064e-17
0.06698119380201774
2.029312774675911e-17
0.21885172728635985
0.7370150212803505
1.930588587158738e-17
0.8018327605956466
0.33276381911815234
0.6757697534152912
0.801832760595646
5.174295322102873e-16
3.528871537607955e-16
4.878177134127114e-16
1.4063092444548392e-16
1.2141430705824198e-16
5.2508419990371625e-16
0.5658394471175854
3.474818943174737e-17
0.2649963853756658
0.17730014850841633
0.2094908787812442
0.795556371961285
0.19063486452285186
8.443796398038832e-16
6.453125209054342e-16
0.12703376569317376
0.035221338393632964
0.13682232104588998
0.23655307872440665
8.077751297652227e-16
6.371797902681957e-16
0.3014858910545871
0.2828034949852524
0.6347828542686393
0.2129821908667073
1.4247609528231484e-16
3.046456807397915e-16
0.2833591780930711
0.6139054342527704
8.414660484517854e-16
1.0308412750984619e-16
0.5553607215751096
2.884521269534045e-16
0.46708239762393416
6.703975829112831e-16
0.3112994424000028
0.3749735416415275
0.3895472751632232
0.014467828459780245
0.17623937766400777
1.7691562989707e-17
0.1351842599521103
4.825767582385838e-16
0.5766328324418866
3.1998220987657963e-16
0.551370858259164
0.6238510072530419
3.879955382517826e-16
0.5009762706698666
2.7083363128480153e-16
0.7761755087037895
0.4062309077638696
0.5942912529084055
1.5358556256591237e-16
1.0072416870016173e-16
0.3722992810478886
0.3065965575192866
1.676178818738447e-16
1.0172160197370346e-16
4.466774530693444e-16
2.2950424155393017e-16
2.7489187570503593e-16
0.36710918017407396
0.21516341339044662
0.10747789347413662
0.5869996692335944
0.16184023757334653
0.24084258105140752
6.72943805373426e-16
6.905226373491622e-17
2.9928098319717335e-16
0.3805198348949417
6.381684413791462e-16
6.265270611099706e-16
0.21383527420222379
0.45883850137627274
5.3467128384492e-16
4.001365941844498e-16
1.0650550041640453e-16
0.5994036068704776
0.40530536569518744
0.3537133735322498
0.5183067585859169
0.5742635777119782
2.2149993382842696e-16
0.6736606357546034
3.6754592991884093e-16
0.42967878482482436
0.44860460556226606
0.6077978623082958
4.1817251223120643e-16
8.255517548118455e-16
5.78054499632526e-16
4.2930658750815583e-16
5.310033041438254e-16
5.021613932991684e-16
0.5256894211244071
2.102923112396625e-16
0.040444593509906646
0.5838650230936367
0.801832760595647
2.4652543469445205e-16
0.7924266899534342
6.740464086679784e-16
0.6291473159821207
0.5952204711269681
6.679108527889874e-16
0.28353540980192043
0.46672690195603694
1.7964279951801874e-16
0.6526805685450818
9.833018272435058e-17
0.32787436428831684
0.2426822370094281
0.6089001999574282
0.18912839463412823
2.9547989672711845e-16
0.19852274797406613
5.196055514426099e-16
0.34111879745311074
2.1407514443885504e-16
0.5041156660785647
3.269892735577984e-16
3.095694052682025e-16
0.04299756125499312
0.029882347197603118
0.3117453992847929
4.896800906403094e-16
0.4197882633679406
4.869922861077488e-16
0.5948527544126783
0.383740513803506
2.5070937965372733e-16
0.5132513488457665
0.4630922671057029
0.4772030156728594
1.951693608675268e-16
0.433126846044919
2.0158284531659936e-16
0.7111266480540056
1.659348340301847e-16
0.3107464919676685
0.8018327605956466
0.427147345909453
0.20703663500955452
0.23356419976909815
3.5091733231478737e-16
3.8081357855396566e-16
0.16684618933504003
3.5403250356862387e-16
1.2624106774116604e-15
3.6109404762015114e-16
0.13854863016716298
1.2899576173478532e-16
6.104736032574797e-16
0.05368696901723609
4.9977569328495515e-16
4.1781463582982905e-16
0.44026854116423725
0.5274413622667208
5.571910510412996e-16
0.21088359564919587
0.5325235467215407
0.08533703830553785
0.18856223691151985
0.37230800463861624
0.09631090719945616
0.5868574243524202
4.1805292086541273e-16
0.5619774175409363
0.4758784193027095
0.6614781754060967
9.241289607071456e-17
1.6361014983681247e-16
0.350936438663436
0.5059919749306978
0.327295215615853
0.09478350704554177
0.801832760595645
1.6681710370496762e-16
0.3297135931025298
0.3169581695921432
1.0679040757859488e-16
0.31564187461237553
0.7105759754500748
0.2424982950971653
0.6585130365831874
0.644619186617575
0.37250365742763203
2.4872296308884245e-16
0.3603537715426652
1.3271629219792545e-15
0.608026182572504
0.11319509561774008
0.2669578995792794
0.36613847181340303
0.13465269797705245
5.62712323835289e-16
8.276216341955023e-16
3.4472020309221496e-16
2.0301288483427826e-16
2.2616585419370797e-16
0.037689237547593596
0.3998158846215579
0.3650325877314768
5.189496238377808e-16
0.8018327605956463
0.6678255639804768
2.543515265024559e-16
1.6694814740536876e-16
0.3517247917396752
0.2495782749030382
0.04677387256686239
2.74657302910413e-16
3.188701823231205e-16
7.046598799256106e-16
0.8018327605956462
0.6507608219650748
0.50220400124653
0.654498757841559
0.5816839850489667
0.03423598772436433
9.964135817544457e-16
6.295612683000642e-16
0.35199119707100535
1.55617611807838e-16
3.219460200589955e-16
0.2661437283631738
0.23280322429670333
3.7912377747163704e-16
2.993386705054749e-16
1.1407769894597483e-16
3.8352408959412763e-16
1.940370183116216e-16
0.3494721657118882
0.12207303807222118
0.43142575460507604
0.5000426682743803
0.41469986085820126
0.44500688077402345
0.23015470695709633
5.417666468588666e-16
0.0855895633393015
0.41771282256550324
2.2125647520490422e-16
0.5177612529415837
0.1769668788109149
0.20551336767646947
0.355567786047377
1.1340839580394027e-16
0.6962332010177731
0.4385904691222293
0.4051508409001241
0.6595981571995067
2.9650514048907675e-16
3.6929863256136347e-16
0.1373282593682565
4.250634412929601e-16
9.035305802270677e-16
0.2328886411384861
0.5918879513189436
0.3653116239123248
1.1018627354150036e-15
0.22923775022164156
0.47710892039577496
0.22498497344192095
5.512447865812842e-16
0.2477252890607537
0.6422813650910631
0.44276005105202104
0.7398381100569359
0.10544284161375511
0.25780186132742183
0.1762441452811455
2.1448133905721502e-16
4.1496857436252897e-16
0.38648536593434224
0.46702939565884716
0.8018327605956468
0.613305850132073
5.685443907218047e-16
3.860703744383709e-16
0.090191837074963
0.4090604012118308
2.321415429526699e-16
0.42526355249474723
1.0566370422700915e-16
0.16855564185967514
0.1818490056167583
0.22772372913450264
0.17623857383210098
1.7099207383684724e-16
0.2945245804052829
5.148036787803711e-16
0.8018327605956469
2.944847208375251e-16
0.5912177903192194
4.522726441166656e-16
2.4367749004102723e-16
0.19064090841997808
0.14380281404810527
0.14706805630026312
0.4463679843618661
0.046994843315413114
0.24759675099693795
0.5996647029955984
9.379631162435633e-16
0.35682727621293664
0.15097200111092546
0.18886736469364987
0.1999128175681332
0.603670214988065
0.7125471215770258
3.8535838611713103e-16
0.26571111673229714
0.5083677827633462
0.36866589931596877
0.391461937503348
5.16964552600463e-16
0.2064835308482203
0.660787374193429
3.561462746005932e-16
0.03131764936030741
0.22886934944627274
5.837364403575502e-16
5.633298194641845e-16
0.21466924570437987
0.4769300908810539
0.6896451679570685
3.2613571224895714e-16
0.4130550948796524
0.17797878264456904
0.24541211467894064
0.19147080875078124
0.14922975630157967
0.27084885879244514
0.2887027932682278
0.7038021713315561
3.778249563444003e-16
3.062309520262296e-16
0.2416328942782092
0.4717562331678257
4.601101626452494e-16
0.5081161012420974
0.3029191561835531
5.75627686097783e-16
0.1914030256971889
0.6363543097509273
1.538944539693743e-15
1.220083977981082e-15
0.5988308227630198
3.0780444742339503e-16
2.0247117980612942e-16
3.7967564315041314e-16
0.39752958959762247
0.390305160968075
4.546300244116271e-16
3.940658295006751e-16
6.37027800198773e-16
0.7826568998084714
1.5185158001517256e-16
1.2653219338228845e-15
3.2856238699645556e-16
4.999447055504505e-16
0.4102401272642954
0.5050679201635225
0.5406780579550726
0.16114402204077144
0.09450178544634094
0.5943404015856076
0.525948714500639
9.661569396333807e-17
0.5303986885279445
0.12164960748183042
0.006829384690848549
4.780488078028355e-16
0.8018327605956466
8.108115686675556e-17
5.735091727248114e-17
0.04445479454676767
1.303006850838637e-16
0.318142702520369
0.38917999821395255
0.1033086227819524
2.1187636274947028e-16
0.6236587873406341
0.5928359253643513
0.6443849029853181
0.14828755127615134
0.46511223414344977
0.12473049572074567
1.694987514062283e-16
0.1927511526834225
4.680456410435939e-16
6.134843912704846e-17
0.6101496827373637
0.8018327605956471
2.6214254437385457e-16
2.9674865029882784e-16
0.6564513975619134
0.32474352526098976
0.3126417267585691
0.4401554838721383
4.755246525917414e-16
0.4160510998347667
0.8018327605956467
0.4666888143404841
2.0228384737961278e-16
5.829115135733711e-16
0.4102298768316228
0.1015815965640909
0.6957841123516851
1.4119330893953259e-16
1.7321486741925328e-15
0.5161443260902183
2.9110070026374693e-16
0.2767558017196985
0.2917875132409359
8.367841894759998e-16
0.7224078359067072
0.46955081350967665
0.38718532083385954
0.440156714278055
8.693585396832122e-17
0.5295699436305372
0.5274503483770956
0.6259843400160623
0.12349971271173248
0.3040602018429558
3.200278114500368e-16
7.292005519151437e-16
7.196038174783205e-16
9.710139131960219e-16
0.17941965651182465
2.782330683871577e-16
0.2767563661735349
3.004917651488511e-18
0.801832760595647
5.337596845774926e-16
0.46982127926532086
3.313771313054435e-16
0.34038594648728315
0.6273024042046025
0.7060146797901224
4.540972418878996e-16
0.12826819245833168
0.5183882409582454
0.43456979976416044
1.1186328182442138e-15
0.5185624482311944
2.7065609912904235e-16
0.30797817059393706
0.5863764427337983
0.06693470141991967
4.431801300568511e-16
0.5062295149332741
1.0074812694473823e-15
1.3317625972193334e-16
1.518849866665011e-15
0.28004577391969265
9.908712879272244e-16
2.2301731674059626e-16
0.5213625993738487
0.4856425993982605
0.37003912282374496
0.5283800923414738
5.052828958225387e-16
0.5039275055344873
0.1365767354568604
1.7488000050925687e-16
1.5476337529464113e-17
1.0262485838656555e-16
0.8018327605956469
0.3664527470779977
0.4695826092074254
2.728480968218778e-16
1.8949712240863738e-16
0.12076519365953406
0.03681933546328183
0.21899057682725778
4.151410961729493e-16
3.5722499489039907e-16
0.15186422121630738
3.0089637422397557e-16
0.4054303658862538
0.12880719253175318
5.520097465727131e-16
3.547275364911906e-16
0.3833509621088034
0.3872658242892533
0.2512491294248039
4.065958533727972e-18
5.70576306589981e-16
0.017408757767363853
1.500379260357298e-16
0.6113984391998427
0.14071319578308075
0.4314959297999162
0.7801633116015654
0.2620791289579868
3.695210523346354e-16
0.17644431998507945
0.6952604841073764
0.24958822223906355
5.427710417946594e-17
0.4829807900148424
0.5909348660515918
0.4283870153725165
0.2818251997195813
1.0429873772809306e-16
0.43455514807645745
6.431477910055954e-16
0.30756782214510964
0.13848590843650357
0.2316384956998566
0.44771747447209936
4.3880638561181866e-16
3.513986789560697e-16
0.08881770378967034
0.37341063368698474
0.3566400693955115
0.14387425027567854
0.16672368943747362
0.28389983524631024
0.5384850727483421
2.4386774048856125e-16
2.486995120141765e-16
0.5544516165179895
5.942897327745372e-16
0.3837249072901237
0.5008708116304628
1.9733654106511753e-16
0.36500394595845115
0.32020742494078797
0.3610422987256577
0.4096598187715793
0.3621483364389358
0.7404351311576175
1.4868684384711315e-16
0.489717179049931
0.1932867169251414
0.8018327605956469
0.477112913136136
1.7543006474142812e-16
2.1021482206328943e-16
1.0381125190640457e-16
1.5742770072958616e-16
1.0602053878122847e-16
0.1451711873104974
0.27785656339038173
0.1764056991447566
1.0247458652517126e-15
0.7073111265223946
0.24867931361932438
2.4504098298761485e-16
4.826547697663749e-16
0.7204931411650263
3.119579002163071e-16
0.543026024360968
2.8278164760853073e-16
0.2627425722164948
0.3614226533184338
0.5225603627615479
4.787584634989861e-16
0.801832760595647
