781
6.63380955546444e-15
1.3967369873967772e-15
0.11454753722794396
2.382205844727994e-15
0.05769366941765551
2.5012417637775118e-15
7.172244418228858e-15
9.53079474449818e-15
0.11454753722794814
0.11454753722793964
1.4628817990729026e-15
0.11454753722793813
1.1422458077143294e-14
0.1145475372279414
0.11454753722794359
0.11454753722794163
3.687173893954435e-15
0.114547537227945
0.11454753722793333
7.745424727640213e-16
9.291726300406157e-16
0.11454753722794293
0.11454753722794166
2.3060011253790277e-15
0.11454753722793967
0.01612536843031425
1.3087493330902012e-15
3.0856683390135442e-15
0.11454753722793844
3.9114857024311525e-15
0.11454753722794732
3.933654328012459e-15
4.410629872438619e-15
0.11454753722794439
2.0241308438228936e-15
8.925047268448257e-15
0.11454753722794651
0.06826379291561879
0.11454753722794744
0.11454753722794032
0.11454753722794779
0.11454753722794302
0.1145475372279458
0.11454753722794313
6.976833181315168e-15
0.1145475372279457
0.11454753722794551
3.6331760085284765e-15
0.11454753722794124
0.07311953991362038
0.1145475372279356
3.0930556800865418e-15
4.852750396294248e-15
0.1145475372279463
0.08471921349370103
3.558296621934213e-15
0.11454753722794374
7.147661045442432e-15
0.1145475372279455
0.045253948875059416
1.2425242871523717e-16
0.11454753722794342
0.11454753722794016
0.1145475372279351
8.518423190522122e-16
0.11454753722793883
0.08373184765501879
0.05863569381517797
0.11454753722793924
0.11454753722794536
4.433905752349941e-15
0.11454753722788384
2.5967668990108287e-15
2.832649457281785e-15
0.11454753722794454
0.11454753722794779
2.5412377086881423e-15
8.124535699468079e-15
0.11454753722794617
0.11454753722794328
3.4600970777904346e-15
0.11454753722793898
9.165549602490349e-15
2.8878850923417787e-15
0.09718668461803004
0.1145475372279472
8.598376056366887e-15
1.6682925150901318e-15
1.8211401346067957e-15
0.11454753722794506
3.4355531581120987e-15
9.312495092683974e-15
8.827232573784789e-15
0.11454753722794522
1.7206524511992997e-15
3.1060805582073862e-15
0.11454753722793053
0.11454753722794343
0.11454753722794643
8.866020859481781e-16
0.11454753722794118
5.105195733787765e-15
0.11454753722794804
1.927800600850259e-15
6.566614475681302e-16
4.542488547581492e-15
1.4567212170804342e-15
0.11454753722794236
0.11454753722794014
1.8290483318829707e-15
7.568777529514213e-16
0.1145475372279351
3.1912620521906846e-15
0.11454753722794164
0.11454753722793719
0.1145475372279434
0.09143829854430775
4.020016701584034e-15
5.47505894656048e-15
4.0807590993489656e-16
0.11454753722794098
0.11454753722794744
0.11454753722794138
3.1624446221689886e-15
0.1145475372279431
0.11454753722794608
0.11454753722793815
0.11454753722794474
0.11454753722794646
0.11454753722794228
3.163738902193012e-15
0.114547537227945
5.724619042418939e-15
1.8663912138474826e-15
0.11454753722794683
1.21134161533671e-15
0.11454753722794095
0.11454753722794177
6.778380771153889e-15
0.11454753722794714
3.3380063074257286e-15
5.8675003664641976e-15
2.8507527547988376e-15
0.11454753722794545
9.823019707817866e-15
0.07902551377185424
0.11454753722794425
6.109469788088527e-16
6.100609196739822e-15
4.8145224551890114e-15
3.868252352404795e-15
0.11454753722794958
0.11454753722794267
0.11454753722794571
0.1145475372279421
1.3917140932158084e-15
6.950441550960549e-15
2.1927144700564833e-15
0.11454753722794365
0.11454753722793179
1.2222175219888154e-15
3.0738900381653804e-15
0.1145475372279457
0.11454753722794185
0.1145475372279197
0.11454753722791916
2.369437734962316e-15
0.07421188217160922
1.7985396048431024e-16
0.11454753722792922
0.11454753722793788
3.784865526512399e-15
4.0905376446850315e-15
2.114704972772156e-15
0.11454753722794458
6.055722801555149e-15
0.11454753722794268
0.11454753722793908
2.1393831956547043e-15
3.599150139515898e-15
0.11454753722794575
0.11454753722793985
0.11454753722794606
0.11454753722794284
5.148302885483774e-15
0.11454753722794303
0.11454753722794656
0.11454753722794117
5.4864335341047064e-15
1.2400488617545437e-15
0.1145475372279456
1.0211761491388606e-15
2.898117391026178e-15
1.3980340351667193e-15
6.520502777246525e-15
3.6750362444480314e-15
2.4699771593393827e-15
0.11454753722794753
4.440273509655891e-15
0.11454753722794123
2.9426424574305802e-15
5.5556542860380844e-15
4.683850285512168e-15
1.3786692490587427e-15
4.169228598179466e-15
0.11454753722793673
1.679468157866411e-15
0.11454753722793293
3.4586905640011815e-15
3.826532076194416e-15
0.11454753722794257
0.11454753722793978
5.8992760901829635e-15
0.11454753722793663
0.11454753722794925
0.11454753722794643
6.464098399202748e-15
0.044559667610939886
6.6300281699201686e-15
4.240291682458599e-15
0.11454753722793307
1.553556265761519e-15
0.1130981730786334
0.11454753722793867
0.11454753722793765
0.012209384493227065
0.11454753722794196
4.898249209240465e-16
4.769596630499788e-15
1.6859163035408346e-15
0.036978084538143545
2.778815016172926e-15
0.050142796018681504
0.0164258263157821
5.5793820709768614e-15
0.11454753722794286
5.234101805893431e-15
0.1145475372279457
5.42967280609315e-15
0.11454753722794463
0.11454753722793115
3.656453334732693e-15
5.654799763870603e-15
7.571895656256294e-15
0.1145475372279397
1.1783264224950696e-14
0.09780664710970594
0.11454753722794526
8.607912713321074e-15
0.11454753722794034
0.11454753722794793
5.353668462528186e-15
0.1145475372279414
0.11454753722793568
0.11454753722794574
6.639462850534035e-15
0.0712075404123264
0.11454753722794149
7.216691991551565e-15
9.949549766851093e-15
4.944709172602003e-15
5.2245678486626536e-15
0.11454753722794322
0.016610418992750453
6.981947620326742e-15
0.1145475372279478
5.168083177728637e-15
5.788427383444776e-15
0.11454753722793734
0.11454753722794692
2.3794494765583684e-15
1.4401352926356681e-15
0.11454753722791525
0.11454753722794256
3.8234295466574496e-15
0.11454753722794311
0.09487243547405404
6.5491052320964985e-15
0.11454753722794435
0.11454753722794232
3.797742785939987e-15
0.11454753722792198
0.11454753722794318
2.69848128811495e-15
0.11454753722794815
1.7447944848631263e-14
0.11454753722794522
0.11454753722794907
0.11454753722794717
0.11454753722794182
7.864914493071686e-16
0.11454753722793555
5.120455644868649e-15
0.11454753722794649
4.839748393167629e-15
1.4184524679920101e-15
0.11454753722794646
4.353414655604641e-15
2.8551852274621594e-15
1.967098910851335e-15
5.018706527735323e-15
0.11454753722794571
0.11454753722794665
6.263481402552194e-15
5.459557967122485e-15
0.11454753722793912
2.352179344100755e-15
0.1145475372279459
0.05793314715930586
2.6166270562111246e-15
0.11454753722794085
0.11454753722794254
6.244376945470726e-15
8.841032726997e-15
0.11454753722793637
0.11454753722794311
2.7266266086527626e-15
2.316279072587995e-15
2.120373651941496e-15
0.11454753722794077
0.11454753722794646
0.11454753722794632
0.026506705443872913
0.05832145112125226
1.2450937095259498e-15
0.11454753722794726
2.9375121491365388e-15
0.11454753722794908
0.11454753722794704
1.435994343900488e-15
0.11454753722794539
8.839569351571427e-15
5.025359430148983e-15
0.11454753722794093
5.2572874489269965e-15
0.11454753722794861
0.11454753722794553
0.1145475372279318
0.1145475372279448
0.1145475372279453
0.05441602588207345
0.11454753722794338
6.9973975293099535e-15
2.643953154304937e-15
1.5207575808637129e-15
0.11454753722794271
5.469343567286793e-15
0.11454753722794418
5.662700332768051e-15
0.11454753722794858
0.11454753722794729
1.6216330680544518e-15
0.08832887311533921
4.5838183821166754e-15
5.601009087543111e-15
7.07502197773796e-15
0.11454753722794407
8.393766746038583e-15
5.5665625854318586e-15
5.639746452377745e-15
2.016642044456228e-15
0.11073469735766005
5.5350738601141824e-15
0.11454753722794721
5.9027839098101785e-16
0.02736024347311993
0.11454753722794045
0.11454753722794038
0.1145475372279393
0.08559611003212922
0.06546626705412904
0.11454753722794211
0.11454753722794232
2.661977893793055e-15
3.2533291372970455e-15
0.11454753722793934
5.4406804443765725e-15
0.11454753722794826
5.3597894087753514e-15
4.577989483406562e-15
6.338438223184876e-15
1.4316390766951368e-15
2.4599212139976648e-15
4.030423957020501e-15
7.436297755974367e-15
3.8079510658604e-15
7.418509032779865e-15
4.2035285627321394e-15
3.521830912930927e-16
4.459108245079611e-15
0.11454753722794075
0.11454753722794465
0.1145475372279408
0.11454753722794012
7.833585948968201e-15
4.969786086360788e-15
0.026260196781845883
2.607972864360856e-15
4.2751150196924784e-15
0.11454753722794168
0.0685307435131456
0.11454753722794139
3.589358890961912e-15
0.11454753722794418
0.11454753722794214
2.2172704777824352e-15
0.1145475372279456
0.11454753722794642
0.09365156204920241
0.11454753722794848
1.425355325000072e-14
0.1145475372279326
0.11454753722794817
0.10122577511162542
2.8936519509262127e-15
2.4383511434736027e-15
5.170410195228727e-15
0.11454753722793626
2.495546414273664e-15
0.11454753722794421
0.11454753722794118
0.11454753722794328
2.793493106570408e-15
0.11454753722794055
0.11454753722794583
0.11454753722794803
0.11454753722793931
1.4580521320271713e-15
0.11454753722794093
2.238461399931448e-15
4.758752525897308e-15
0.11454753722794458
1.7672668626325e-16
0.11454753722794464
0.11454753722794643
0.11454753722794744
0.11454753722793365
3.630086224373627e-15
0.11454753722794483
0.11454753722794361
7.787657206005297e-16
0.11454753722794063
0.11454753722794749
0.11454753722794164
2.7339744542560585e-15
0.11454753722794674
5.687738573438396e-15
0.11454753722794399
0.11454753722793794
0.11454753722794526
0.11454753722794289
0.08327909938616458
2.4842564200748965e-15
7.271798126110865e-15
1.8451849175860218e-15
1.2432998486297578e-15
0.11454753722794167
0.015602783083604306
0.11454753722793923
3.87893680543985e-15
3.7717272206269e-15
0.11454753722794839
2.983987292178121e-15
4.220946936279547e-16
4.113880859837396e-15
6.993383589865536e-15
2.9243250261007923e-15
2.122240293723411e-15
0.1145475372279485
0.08806626060841713
0.11454753722794532
5.595049814608971e-15
2.3406553893529294e-15
3.489410215253245e-15
5.0953316993338216e-15
0.11454753722794571
2.7383736101376575e-15
0.027921660192374395
9.236619651289986e-15
0.026781462404325208
1.8135957015364578e-15
0.11454753722794937
0.1145475372279408
0.11454753722794173
0.11454753722794661
0.1145475372279456
1.564451554997865e-15
3.756694917196339e-15
0.11454753722794778
0.11454753722794511
8.327888515285981e-15
6.8020676617820906e-15
0.11454753722794718
0.048701661311991606
3.317695692928756e-15
3.0740658046800588e-15
0.04612484755725938
0.1145475372279446
2.9164397345236232e-15
2.8477258138667163e-15
0.029186615949431425
0.1145475372279417
0.1145475372279374
6.621061527465496e-15
3.707347198920935e-15
0.11454753722791758
1.6746327453433772e-16
1.818853924516161e-15
0.11454753722794257
0.1145475372279405
5.831580425131809e-15
0.11454753722793913
2.1221722082281513e-15
0.00992690270538219
3.305367883798064e-15
4.708980847033159e-15
0.1145475372279446
1.2492727030256977e-15
3.934126130824292e-15
0.11454753722792248
2.7333515767028346e-15
0.11454753722793042
4.149417161650328e-15
0.11454753722794249
7.559016496969604e-17
0.11454753722793187
3.904244414185556e-15
0.11454753722794256
1.090446578781859e-15
0.1145475372279384
6.572363294730494e-15
0.1145475372279419
0.11454753722794694
9.566597247894921e-15
4.872986920786847e-15
6.960386896006033e-15
0.017318460291990783
0.11454753722794343
0.11454753722794758
0.1145475372279366
0.11454753722794114
0.04424359015976106
0.03560965892747918
0.11454753722794485
0.11454753722794266
4.002622647969342e-15
3.2973601647223087e-15
0.11454753722794636
0.1145475372279386
3.348770237598189e-15
9.42966104719683e-16
0.03264936064989601
3.043209179687391e-15
2.7827261190319743e-15
3.4763530833484692e-15
0.11454753722794431
0.11454753722793298
0.11454753722793837
0.11454753722793948
0.11454753722794735
0.11454753722793184
8.366125669014514e-15
0.11454753722794343
0.03294664233841851
0.11454753722794273
1.2483974837413052e-14
0.11454753722793849
0.11454753722794392
3.631076304428263e-15
0.0035736267315276357
1.2320613661441058e-15
0.11454753722794696
0.11454753722794844
0.11454753722794095
0.11454753722794221
4.356380522756858e-15
0.11454753722794216
4.403638834116647e-15
0.11454753722794077
0.11454753722794714
4.1084005037125216e-15
1.623384716106963e-15
0.11454753722794743
0.11454753722794349
0.11454753722794922
1.917353182648082e-15
0.11454753722794564
0.1145475372279392
0.1145475372279469
0.006761507099258688
6.9431717486475185e-15
0.11454753722794746
0.1145475372279478
0.11454753722794439
4.4132373529414284e-15
4.926137427432935e-15
2.251519640502633e-15
2.9748090096648892e-15
0.11454753722794345
0.11454753722794193
3.7811875158149025e-16
1.5597941179526532e-15
0.012324587231008632
6.491155220062674e-15
1.6855661799114673e-15
0.015319739078032019
1.8619102288025986e-15
0.11023368573846118
0.1145475372279426
3.6618762350501354e-15
0.11454753722794549
3.9607317729907285e-16
1.3189354880260928e-14
1.3997123167468138e-16
0.11454753722794646
0.11454753722794257
2.3116616935595264e-15
4.2645894476592685e-15
0.11454753722794256
0.11454753722794152
5.0386936020328385e-15
0.11454753722794556
0.11454753722792906
0.11454753722794861
0.05624279776363356
0.1145475372279483
1.0860444892714755e-15
0.11454753722793391
0.11454753722794353
3.283745506978374e-17
5.6394194642098175e-15
0.11454753722793794
3.4436676478460037e-15
0.11454753722794034
2.596006808050882e-15
0.11454753722794052
0.11454753722794314
1.5678613827101436e-15
0.07096951843104427
0.06694465132589592
0.11454753722793845
0.11454753722794384
6.433726011085999e-15
0.11454753722794572
3.4977529830631926e-15
5.41146473920545e-15
0.11454753722793257
0.11454753722793978
0.11454753722794118
6.700781241288641e-15
2.4975489483305864e-15
0.11454753722794873
1.7712030194287374e-15
4.364463736686921e-15
0.11454753722794424
0.11120717040783727
0.11454753722794579
9.047882858576254e-15
3.855057978696843e-15
0.11454753722793574
2.6004338264512596e-15
0.11203553786981268
6.31104639268397e-15
0.11454753722793172
0.11454753722794507
0.03251064501909931
5.673581942930896e-15
0.11454753722794828
0.1145475372279461
6.310320119259368e-15
2.691208948994149e-15
0.11029383517018225
6.113854123527142e-15
0.11035892261706544
3.513912233958204e-15
4.026879645954968e-15
0.11162716346579256
0.02607372596449028
0.11454753722793971
5.133676405632642e-15
0.08667390450569509
6.647286141058972e-15
2.838817364902142e-15
2.1791812612280444e-15
0.11454753722794246
0.09505169566068913
0.03625426753969034
0.1145475372279469
3.496014802164138e-15
0.11454753722794635
0.11454753722794515
4.012894423596923e-15
5.5247568549242686e-15
5.89977982350269e-15
0.11454753722794289
2.349127497173371e-15
0.1145475372279457
0.04199902701337723
1.856469639932511e-15
0.11454753722794421
0.11454753722794839
0.1145475372279456
5.338944348105734e-16
0.11454753722794568
5.291528283103539e-15
5.692597518212063e-15
3.345558510664753e-15
0.11454753722794439
0.07240465845981622
5.589615467890259e-15
6.419259916785551e-15
3.1301857098235236e-15
0.10219372002660078
5.343625929883285e-15
2.425164938747117e-15
1.1218497820008754e-15
0.1145475372279473
0.11454753722794074
0.11454753722794714
0.11394738582748293
0.11454753722793283
0.11454753722793376
0.11454753722793826
0.11454753722794105
0.11454753722794156
3.399832120683646e-15
1.4491611482077142e-15
0.11454753722794474
7.177220806724177e-15
4.510619611078521e-15
0.09654120902491577
5.898473928245921e-15
0.0069954831734580876
3.8350391103242915e-15
0.11176214178933928
0.11454753722794549
2.761724007323246e-16
2.660499968693214e-15
0.11454753722794563
0.11454753722794488
0.05076162077539541
0.11454753722794485
0.11454753722794894
0.11454753722794231
3.117501456551985e-15
7.374009561675132e-15
3.240853040957872e-15
4.88810657466556e-15
0.11454753722794099
0.1145475372279372
0.11454753722794765
0.11454753722793952
1.707038507233894e-15
0.11454753722794564
3.355580230730313e-15
0.11454753722793981
2.517307263715001e-15
0.05802433830669356
0.11454753722794682
0.1145475372279309
0.08861726268952347
4.170391031911274e-15
1.2425571616447112e-15
0.0023554806300125864
5.690409167822933e-15
4.78703693561093e-15
2.2127723640947776e-15
2.225449853897126e-15
0.11454753722793995
0.11454753722794038
0.0030602968828446096
1.138961295870422e-15
0.11152059469721534
1.1953221716461192e-14
0.11454753722793545
0.1145475372279474
0.11454753722794582
0.05162127142689006
0.11454753722794
6.042922926325638e-15
0.11454753722794589
